remote_unit_id,time_stamp,entries,exits,num_people_exited,sum_exit_entry,week_num,z_score_num_people_exited,z_score_sum_exit_entry
R013,1546311600,130,266,136,396,1,-0.4054212016905116,-0.6000291732720313
R013,1546326000,27,122,95,149,1,-0.5375937327982475,-0.8915843322192937
R013,1546340400,90,238,148,328,1,-0.36673655843946695,-0.6802953708769456
R013,1546354800,201,444,243,645,1,-0.060483132702030123,-0.3061132438069773
R013,1546369200,279,604,325,883,1,0.20386192951344168,-0.025181552189777093
R013,1546383600,168,323,155,491,1,-0.3441705165430243,-0.48789257367693034
R013,1546398000,51,101,50,152,1,-0.682661144989665,-0.8880431764426062
R013,1546412400,120,262,142,382,1,-0.3860788800649893,-0.6165545668965724
R013,1546426800,738,1013,275,1751,1,0.04267591596742228,0.9993928525317766
R013,1546441200,337,696,359,1033,1,0.31346841872473485,0.15187623664459277
R013,1546455600,979,2196,1217,3175,1,3.079420411174427,2.6802614611993945
R013,1546470000,357,612,255,969,1,-0.021798489450985472,0.07633158007526163
R013,1546484400,56,126,70,182,1,-0.6181867395712572,-0.8526316186757322
R013,1546498800,126,258,132,384,1,-0.4183160827741932,-0.6141937963787808
R013,1546513200,724,1027,303,1751,1,0.13294008355319314,0.9993928525317766
R013,1546527600,362,789,427,1151,1,0.5326813971473212,0.2911616971942971
R013,1546542000,968,2200,1232,3168,1,3.1277762152382333,2.6719987643871237
R013,1546556400,391,682,291,1073,1,0.09425544030214848,0.19909164700042473
R013,1546570800,58,137,79,195,1,-0.5891732571329737,-0.8372866103100869
R013,1546585200,123,271,148,394,1,-0.36673655843946695,-0.6023899437898229
R013,1546599600,638,1036,398,1674,1,0.43919350929063,0.9085031875968
R013,1546614000,457,812,355,1269,1,0.3005735376410533,0.4304471577440014
R013,1546628400,893,2044,1151,2937,1,2.866654873293682,2.3993297695821942
R013,1546642800,345,562,217,907,1,-0.1442998597459602,0.0031476940237220863
R013,1546657200,88,45,-43,133,1,-0.982467130185261,-0.9104704963616265
R013,1546671600,14,121,107,135,1,-0.49890908954720287,-0.9081097258438349
R013,1546686000,165,334,169,499,1,-0.2990384327501388,-0.47844949160576394
R013,1546700400,268,360,92,628,1,-0.5472648936110087,-0.3261797932082059
R013,1546714800,309,412,103,721,1,-0.5118039706308845,-0.21640396413089655
R013,1546729200,207,181,-26,388,1,-0.9276638855796144,-0.6094722553431976
R013,1546743600,72,32,-40,104,1,-0.9727959693724999,-0.9447016688696046
R013,1546758000,15,41,26,56,1,-0.7600304314917543,-1.001360161296603
R013,1546772400,126,283,157,409,1,-0.33772307600118345,-0.5846841649063859
R013,1546786800,320,537,217,857,1,-0.1442998597459602,-0.05587156892106787
R013,1546801200,321,452,131,773,1,-0.42153980304511357,-0.155023930668315
R013,1546815600,275,167,-108,442,1,-1.1920089477950861,-0.5457314513628245
R013,1546830000,30,26,-4,56,1,-0.8567420396193659,-1.001360161296603
R013,1546844400,145,253,108,398,1,-0.4956853692762825,-0.5976684027542397
R013,1546858800,730,1126,396,1856,1,0.4327460687487892,1.1233333047158354
R013,1546873200,374,705,331,1079,1,0.223204251138964,0.20617395855379952
R013,1546887600,1024,1921,897,2945,1,2.0478299244799034,2.4087728516533606
R013,1546902000,393,671,278,1064,1,0.05234707678018345,0.18846817967036256
R013,1546916400,49,109,60,158,2,-0.721714514359754,-0.9992185412983632
R013,1546930800,144,290,146,434,2,-0.4776820130339289,-0.7002137864619212
R013,1546945200,806,1169,363,1975,2,0.13807441473007187,0.9692294280415463
R013,1546959600,364,771,407,1135,2,0.26292825261770336,0.05921495680020125
R013,1546974000,971,2189,1218,3160,2,2.564211491864729,2.252999842828444
R013,1546988400,431,661,230,1092,2,-0.23932468615754146,0.012630882677132395
R013,1547002800,88,126,38,214,2,-0.7841414333035698,-0.9385509098822735
R013,1547017200,146,278,132,424,2,-0.5174082341799934,-0.7110472920719373
R013,1547031600,769,1110,341,1879,2,0.07564749578625614,0.8652277741853925
R013,1547046000,379,596,217,975,2,-0.27621332007888716,-0.11412113296005495
R013,1547060400,1018,2144,1126,3162,2,2.3031534671905907,2.255166543950447
R013,1547074800,441,727,286,1168,2,-0.08041980157328323,0.09496552531325408
R013,1547089200,58,125,67,183,2,-0.7018514037867217,-0.9721347772733231
R013,1547103600,133,284,151,417,2,-0.46349407691033434,-0.7186307459989485
R013,1547110496,522,632,110,1154,2,-0.5798351531238092,0.07979861745923167
R013,1547110869,27,20,-7,47,2,-0.9118328584159201,-1.119470453569541
R013,1547118000,370,1065,695,1435,2,1.0801533733367459,0.38422012510068165
R013,1547132400,391,823,432,1214,2,0.33386793323567576,0.14479965111932774
R013,1547146800,1013,2215,1202,3228,2,2.518810096269227,2.3266676809765525
R013,1547161200,992,791,-201,1783,2,-1.462324780011386,0.7612261203292389
R013,1547175600,79,113,34,192,2,-0.7954917822024453,-0.9623846222243088
R013,1547190000,136,273,137,409,2,-0.5032202980563989,-0.7272975504869612
R013,1547204400,698,1084,386,1782,2,0.2033389208986065,0.7601427697682372
R013,1547218800,476,846,370,1322,2,0.15793752530310415,0.2618015117075007
R013,1547233200,911,2286,1375,3197,2,3.0097126861455963,2.293083813585503
R013,1547247600,358,782,424,1140,2,0.3111672354379246,0.06463170960520925
R013,1547262000,73,169,96,242,2,-0.6195613742698737,-0.9082170941742287
R013,1547276400,25,155,130,180,2,-0.5230834086294313,-0.9753848289563279
R013,1547290800,116,374,258,490,2,-0.15987224386541235,-0.6395461550458316
R013,1547305200,268,447,179,715,2,-0.38404163461820523,-0.3957922788204713
R013,1547319600,345,678,333,1023,2,0.052946797988504955,-0.062120306031978094
R013,1547334000,229,394,165,623,2,-0.4237678557642698,-0.4954605304326186
R013,1547348400,65,185,120,250,2,-0.5514592808766202,-0.8995502896862159
R013,1547362800,18,94,76,112,2,-0.6763131187642517,-1.049052667104437
R013,1547377200,83,324,241,407,2,-0.20811122668563362,-0.7294642516089644
R013,1547391600,305,481,176,786,2,-0.39255439629236194,-0.3188743889893576
R013,1547406000,399,535,136,934,2,-0.5060578852811178,-0.1585385059611206
R013,1547420400,297,291,-6,588,2,-0.9089952711912013,-0.5333778000676747
R013,1547434800,54,78,24,132,2,-0.8238676544496343,-1.0273856558844048
R013,1547449200,153,311,158,464,2,-0.4436309663373021,-0.6677132696318732
R013,1547463600,758,1188,430,1946,2,0.328192758786238,0.9378122617724999
R013,1547478000,379,750,371,1129,2,0.16077511252782306,0.05271485343419164
R013,1547492400,1069,2111,1042,3180,2,2.064796140314203,2.274666854048476
R013,1547506800,446,609,163,1055,2,-0.4294430302137076,-0.02745308807992685
R013,1547521200,55,114,59,169,3,-0.7668195326489229,-0.9828844423447062
R013,1547535600,160,310,150,470,3,-0.4701894564919855,-0.617759935418069
R013,1547541574,428,467,39,895,3,-0.8320129559801179,-0.10221868809640516
R013,1547550000,360,1049,689,1409,3,1.2867733022837204,0.52128296160556
R013,1547564400,388,803,415,1191,3,0.39362340264634854,0.25684062768527127
R013,1547578800,1054,2330,1276,3384,3,3.2002002770542943,2.9170334638650566
R013,1547593200,444,724,280,1168,3,-0.04643220483921787,0.22894074841845183
R013,1547607600,67,94,27,161,3,-0.8711290099788349,-0.9925887481766433
R013,1547622000,151,310,159,461,3,-0.4408524159929478,-0.6286772794789983
R013,1547627130,358,338,-20,696,3,-1.0243335548071433,-0.34361329566584303
R013,1547636400,456,990,534,1446,3,0.7815242714669589,0.5661653760782696
R013,1547650800,360,763,403,1123,3,0.3545073486476315,0.17435402811380507
R013,1547665200,1087,2104,1017,3191,3,2.3559454449153185,2.6829170856695717
R013,1547679600,462,724,262,1186,3,-0.1051062858372934,0.25077543654031054
R013,1547694000,103,108,5,211,3,-0.9428417756431494,-0.9319368367270359
R013,1547708400,132,274,142,406,3,-0.4962668258244635,-0.6953943820735665
R013,1547722800,816,1040,224,1856,3,-0.22897379016656394,1.063511049965051
R013,1547737200,388,861,473,1249,3,0.5826843303068141,0.32719684496681595
R013,1547751600,1100,2159,1059,3259,3,2.492851633910828,2.7654036852410377
R013,1547766000,537,854,317,1391,3,0.07417562832349292,0.4994482734837013
R013,1547780400,85,87,2,172,3,-0.9526207891428287,-0.9792453276577296
R013,1547794800,153,279,126,432,3,-0.5484215644894196,-0.6638553881197706
R013,1547797530,139,147,8,286,3,-0.9330627621434702,-0.8409589695526246
R013,1547809200,522,952,430,1474,3,0.4425184701447448,0.6001304464900498
R013,1547823600,485,887,402,1372,3,0.3512476774810718,0.47640054713285046
R013,1547838000,872,1952,1080,2824,3,2.561304728408583,2.2377320556294524
R013,1547852400,375,688,313,1063,3,0.061136943657253924,0.10157173437427605
R013,1547866800,80,180,100,260,3,-0.6331730148199731,-0.8724979635064205
R013,1547881200,39,149,110,188,3,-0.6005763031543756,-0.9598367159938553
R013,1547895600,141,356,215,497,3,-0.2583108306656017,-0.585007903235281
R013,1547910000,295,483,188,778,3,-0.346321952162715,-0.24414416088848673
R013,1547924400,356,726,370,1082,3,0.24693820015115975,0.1246194607251269
R013,1547938800,316,399,83,715,3,-0.6885874246514888,-0.3205655693149922
R013,1547953200,98,187,89,285,3,-0.6690293976521303,-0.8421720077816167
R013,1547967600,23,97,74,120,3,-0.7179244651505267,-1.0423233155653215
R013,1547982000,118,323,205,441,3,-0.2909075423311992,-0.6529380440588413
R013,1547996400,282,428,146,710,3,-0.48322814115822454,-0.32663076045995293
R013,1548010800,351,522,171,873,3,-0.40173636199423074,-0.12890552913423248
R013,1548025200,283,311,28,594,3,-0.8678693388122751,-0.46734319502304233
R013,1548039600,46,100,54,146,3,-0.7831178884817216,-1.0107843216115255
R013,1548054000,62,184,122,246,3,-0.5614602491556585,-0.8894804987123106
R013,1548068400,181,745,564,926,3,0.8793144064637515,-0.06461450299764851
R013,1548082800,253,747,494,1000,3,0.6511374248045689,0.025150325947770596
R013,1548097200,670,976,306,1646,3,0.03831924549133566,0.8087730218766995
R013,1548111600,282,333,51,615,3,-0.7928969019814008,-0.4418693922142072
R013,1548126000,33,56,23,89,4,-1.0248542912734913,-1.1694186687392558
R013,1548140400,143,242,99,385,4,-0.7621175715124291,-0.8461245574677927
R013,1548154800,774,1140,366,1914,4,0.16091800975340734,0.8238642808229751
R013,1548169200,446,797,351,1243,4,0.10906207822161877,0.09099148128530007
R013,1548183600,1171,1999,828,3170,4,1.758080700932495,2.195679834055941
R013,1548198000,450,709,259,1159,4,-0.2089876351733511,-0.0007541448863313904
R013,1548212400,93,118,25,211,4,-1.0179401670692527,-1.036169068823315
R013,1548226800,145,300,155,445,4,-0.5685220937937518,-0.7805919673451988
R013,1548241200,713,999,286,1712,4,-0.11564695841613168,0.6032378940769091
R013,1548255600,416,749,333,1165,4,0.04683496038347249,0.005799114125927999
R013,1548270000,1033,2214,1181,3247,4,2.978423622980586,2.2797799913799364
R013,1548284400,495,766,271,1261,4,-0.16750288994792023,0.11065125832207824
R013,1548298800,64,133,69,197,4,-0.8658294345760063,-1.0514600065185868
R013,1548313200,153,289,136,442,4,-0.6342062737340173,-0.7838685968513285
R013,1548327600,816,1258,442,2074,4,0.42365472951446936,0.9986178544832256
R013,1548342000,438,790,352,1228,4,0.112519140323738,0.07460833375465159
R013,1548356400,1104,2172,1068,3276,4,2.587775605441112,2.3114540766058567
R013,1548370800,556,848,292,1404,4,-0.09490458580341625,0.266837264780927
R013,1548385200,73,129,56,202,4,-0.9107712419035563,-1.0459989573417041
R013,1548399600,166,268,102,434,4,-0.7517463852060714,-0.792606275534341
R013,1548414000,694,1075,381,1769,4,0.2127739412851959,0.6654938546933733
R013,1548428400,536,795,259,1331,4,-0.2089876351733511,0.18710594679843778
R013,1548442800,1068,1983,915,3051,4,2.0588451038168687,2.0657068636461293
R013,1548457200,389,698,309,1087,4,-0.03613453006738921,-0.07939325303344406
R013,1548471600,92,200,108,292,4,-0.731004012593356,-0.9477000721578133
R013,1548486000,34,170,136,204,4,-0.6342062737340173,-1.043814537670951
R013,1548500400,150,595,445,745,4,0.4340259158208271,-0.4529290167322293
R013,1548514800,349,740,391,1089,4,0.24734456230638827,-0.07720883336269094
R013,1548529200,515,766,251,1281,4,-0.23664413199030498,0.13249545502960955
R013,1548543600,259,445,186,704,4,-0.4613531686280554,-0.49770961998266844
R013,1548558000,68,177,109,245,4,-0.7275469504912367,-0.9990339344205118
R013,1548572400,26,100,74,126,4,-0.84854412406541,-1.129006904830323
R013,1548586800,130,449,319,579,4,-0.0015639090461968355,-0.6342358494047391
R013,1548601200,376,778,402,1154,4,0.28537224542969986,-0.006215194063214215
R013,1548615600,443,729,286,1172,4,-0.11564695841613168,0.013444582973563953
R013,1548630000,380,341,-39,721,4,-1.239192141604884,-0.47914205278126687
R013,1548644400,45,94,49,139,4,-0.934970676618391,-1.1148081769704277
R013,1548658800,140,279,139,419,4,-0.6238350874276596,-0.8089894230649894
R013,1548673200,771,1110,339,1881,4,0.06757733299618791,0.7878213562555485
R013,1548687600,391,776,385,1167,4,0.22660218969367285,0.00798353379668113
R013,1548702000,1018,2117,1099,3135,4,2.6949445306068083,2.157452489817761
R013,1548716400,489,669,180,1158,4,-0.48209554124077086,-0.0018463547217079555
R013,1548730800,49,43,-6,92,5,-1.1301735912656798,-1.1037639871434521
R013,1548745200,158,259,101,417,5,-0.7792301686151167,-0.7528984474776026
R013,1548759600,774,1171,397,1945,5,0.19160397254905775,0.896709382089838
R013,1548774000,432,744,312,1176,5,-0.08718285852849236,0.06650753592664307
R013,1548788400,1111,2198,1087,3309,5,2.4546970718844645,2.3692650624105114
R013,1548802800,540,846,306,1386,5,-0.1068619289574959,0.29322065386457663
R013,1548817200,80,69,-11,149,5,-1.1465728166231828,-1.0422275694174417
R013,1548831600,155,248,93,403,5,-0.8054689291871215,-0.7680126553401315
R013,1548846000,779,1195,416,1974,5,0.25392102890756896,0.9280173840907907
R013,1548860400,444,815,371,1259,5,0.10632800069004243,0.1561131968259216
R013,1548862278,28,147,119,175,5,-0.7201929573281062,-1.0141583262441736
R013,1548874800,1121,2243,1122,3364,5,2.5694916493869853,2.4286423075847323
R013,1548889200,521,828,307,1349,5,-0.10358208388599531,0.25327596165646454
R013,1548903600,57,69,12,126,5,-1.0711363799786693,-1.0670580537630248
R013,1548918000,151,223,72,374,5,-0.8743456756886339,-0.7993206573410843
R013,1548932400,759,1112,353,1871,5,0.047290789403031816,0.8168199976736137
R013,1548946800,404,775,371,1179,5,0.10632800069004243,0.06974629475432784
R013,1548961200,978,2034,1056,3012,5,2.3530218746679465,2.0486279384697195
R013,1548975600,486,997,511,1483,5,0.565506310700125,0.3979405226263841
R013,1548990000,57,84,27,141,5,-1.0219387039061605,-1.050864259624601
R013,1549004400,150,258,108,408,5,-0.7562712531146126,-0.7626147239606569
R013,1549018800,666,1128,462,1794,5,0.4047939021965961,0.7336918544297047
R013,1549033200,483,840,357,1323,5,0.06041016968903418,0.22520671848319657
R013,1549047600,952,2072,1120,3024,5,2.562931959243984,2.0615829737804585
R013,1549062000,385,656,271,1041,5,-0.22165650646001653,-0.07923661131917137
R013,1549076400,89,236,147,325,5,-0.6283572953260896,-0.8522203848599353
R013,1549090800,34,200,166,234,5,-0.5660402389675785,-0.9504627359663733
R013,1549105200,134,486,352,620,5,0.04401094433153123,-0.5337424334709334
R013,1549119600,259,616,357,875,5,0.06041016968903418,-0.2584479331177284
R013,1549134000,330,686,356,1016,5,0.05713032461753359,-0.10622626821654442
R013,1549148400,228,450,222,678,5,-0.3823689149635454,-0.471126429469028
R013,1549162800,163,207,44,370,5,-0.9661813376906504,-0.8036390024446639
R013,1549177200,25,126,101,151,5,-0.7792301686151167,-1.040068396865652
R013,1549191600,83,479,396,562,5,0.18832412747755717,-0.5963584374728389
R013,1549206000,307,809,502,1116,5,0.5359877050566196,0.0017323593729477622
R013,1549220400,366,685,319,1051,5,-0.06422394302798823,-0.06844074856022216
R013,1549234800,134,212,78,346,5,-0.8546666052596303,-0.829549073066142
R013,1549249200,37,119,82,156,5,-0.841547224973628,-1.0346704654861771
R013,1549263600,128,276,148,404,5,-0.625077450254589,-0.7669330690642365
R013,1549278000,721,1090,369,1811,5,0.09976831054704126,0.7520448211199184
R013,1549292400,467,728,261,1195,5,-0.2544549571750224,0.08701967516864659
R013,1549306800,1039,2061,1022,3100,5,2.241507142236926,2.143631530748473
R013,1549321200,416,719,303,1135,5,-0.11670146417199767,0.022244498614951275
R013,1549335600,53,119,66,172,6,-0.9633283241186229,-1.0708032253901043
R013,1549350000,140,301,161,441,6,-0.6343587920034821,-0.7788223681120863
R013,1549364400,721,1100,379,1821,6,0.12053971327126208,0.7190719926450319
R013,1549378800,395,770,375,1165,6,0.10668836455062457,0.007029455937300368
R013,1549393200,1053,2169,1116,3222,6,2.672650715048723,2.239760398022367
R013,1549407600,425,841,416,1266,6,0.248664688937159,0.1166579562535822
R013,1549422000,77,120,43,197,6,-1.0429735792622885,-1.043667457985084
R013,1549436400,147,282,135,429,6,-0.7243925586876259,-0.791847536466496
R013,1549450800,827,1135,308,1962,6,-0.1253217265200537,0.8721177208093461
R013,1549465200,460,695,235,1155,6,-0.3781088406716882,-0.0038248510247077348
R013,1549479600,1148,2226,1078,3374,6,2.5410629022026665,2.4047458638448904
R013,1549494000,562,884,322,1446,6,-0.07684200599782241,0.31203548156972805
R013,1549508400,67,135,68,202,6,-0.9564026497583041,-1.03824030450408
R013,1549522800,154,276,122,430,6,-0.7694094420296977,-0.7907621057702952
R013,1549537200,778,1166,388,1944,6,0.15170524789269646,0.8525799682777315
R013,1549551600,462,798,336,1260,6,-0.028362285475591133,0.11014537207637734
R013,1549566000,1110,2041,931,3151,6,2.0320258367192383,2.1626948185921098
R013,1549580400,534,890,356,1424,6,0.0408944581275964,0.2881560062533102
R013,1549594800,64,147,83,211,6,-0.9044600920559135,-1.0284714282382725
R013,1549609200,147,279,132,426,6,-0.734781070228104,-0.7951038285550984
R013,1549623600,709,1073,364,1782,6,0.06859715556887142,0.6767401954932003
R013,1549638000,511,846,335,1357,6,-0.03182512265575051,0.21543214960785595
R013,1549652400,965,2014,1049,2979,6,2.440640623978045,1.9760007388455703
R013,1549666800,405,823,418,1228,6,0.25559036329747775,0.07541158979795141
R013,1549681200,100,225,125,325,6,-0.7590209304892196,-0.9047323288713802
R013,1549695600,35,193,158,228,6,-0.6447473035439601,-1.0100191064028587
R013,1549710000,156,508,352,664,6,0.027043109406958896,-0.5367713228593056
R013,1549724400,282,824,542,1106,6,0.6849821736372405,-0.05701095513854744
R013,1549738800,352,728,376,1080,6,0.11015120173078394,-0.0852321532397685
R013,1549753200,199,459,260,658,6,-0.2915379111677038,-0.5432839070365104
R013,1549767600,62,216,154,278,6,-0.6585986522645977,-0.9557475715928183
R013,1549782000,16,127,111,143,6,-0.807500651011451,-1.1022807155799277
R013,1549796400,117,449,332,566,6,-0.04221363419622864,-0.643143531086985
R013,1549810800,330,731,401,1061,6,0.19672213123476837,-0.1058553364675839
R013,1549825200,339,723,384,1062,6,0.13785389917205895,-0.10476990577138309
R013,1549839600,272,253,-19,525,6,-1.2576694844321699,-0.6876461896312182
R013,1549854000,34,93,59,127,6,-0.9875681843797385,-1.1196476067191408
R013,1549868400,144,279,135,423,6,-0.7243925586876259,-0.7983601206437009
R013,1549882800,771,1094,323,1865,6,-0.07337916881766303,0.7668309432778676
R013,1549897200,424,696,272,1120,6,-0.24998386500579126,-0.04181492539173609
R013,1549911600,1089,2147,1058,3236,6,2.4718061585994793,2.2549564277691783
R013,1549926000,465,682,217,1147,6,-0.44043990991455695,-0.012508296594314216
R013,1549940400,70,114,44,184,7,-0.9564470044092334,-0.9958169316679765
R013,1549954800,145,243,98,388,7,-0.7574175699656934,-0.7577610886242215
R013,1549969200,677,1093,416,1770,7,0.4146446550907081,0.8549505539565108
R013,1549983600,428,836,408,1264,7,0.3851588129509244,0.2644787079754322
R013,1549998000,1092,2077,985,3169,7,2.5118251772828226,2.4875001834575556
R013,1550012400,482,735,253,1217,7,-0.18612937850738454,0.2096325088428024
R013,1550026800,70,120,50,190,7,-0.9343326228043956,-0.9888152892255131
R013,1550041200,152,283,131,435,7,-0.6357884711390858,-0.7029148894915916
R013,1550055600,820,1255,435,2075,7,0.4846735301726944,1.210867378115066
R013,1550070000,461,823,362,1284,7,0.2156152206471682,0.2878175161169768
R013,1550084400,1074,2183,1109,3257,7,2.96885573044947,2.590190939280352
R013,1550098800,568,891,323,1459,7,0.07187174021572273,0.49203208735549214
R013,1550113200,69,142,73,211,7,-0.8495608266525175,-0.9643095406768912
R013,1550127600,146,267,121,413,7,-0.6726457738138154,-0.7285875784472907
R013,1550142000,753,1126,373,1879,7,0.2561582535893708,0.9821470583279288
R013,1550156400,433,796,363,1229,7,0.21930095091464116,0.22363579372772915
R013,1550170800,1111,2157,1046,3268,7,2.7366547235986736,2.6030272837582014
R013,1550185200,404,711,307,1115,7,0.012900055936155364,0.09060458732092491
R013,1550199600,124,148,24,272,7,-1.0301616097586925,-0.8931261758451802
R013,1550214000,141,263,122,404,7,-0.6689600435463424,-0.7390900421109858
R013,1550228400,662,1068,406,1730,7,0.3777873524159785,0.8082729376734216
R013,1550242800,484,911,427,1395,7,0.45518768803291065,0.4173479013025494
R013,1550257200,911,1900,989,2811,7,2.5265680983527146,2.0697355177239074
R013,1550271600,378,766,388,1144,7,0.3114442076014652,0.12444585912616458
R013,1550286000,108,191,83,299,7,-0.8127035239777879,-0.861618784854095
R013,1550300400,23,132,109,155,7,-0.7168745370234909,-1.0296582034732162
R013,1550314800,122,404,282,526,7,-0.07924320075066865,-0.5967233124475637
R013,1550329200,251,604,353,855,7,0.18244364823991158,-0.21279991851915497
R013,1550343600,338,649,311,987,7,0.027642977006047207,-0.05876378478496056
R013,1550358000,208,430,222,638,7,-0.30038701679904634,-0.4660259868549139
R013,1550372400,77,208,131,285,7,-0.6357884711390858,-0.8779559505531762
R013,1550386800,22,110,88,132,7,-0.7942748726404231,-1.0564978328359924
R013,1550401200,122,396,274,518,7,-0.10872904289045235,-0.6060588357041816
R013,1550415600,349,612,263,961,7,-0.14927207583265492,-0.08910423536896855
R013,1550430000,383,726,343,1109,7,0.14558634556518196,0.08360294487846154
R013,1550444400,288,284,-4,572,7,-1.1333620572479355,-0.5430440537220111
R013,1550458800,74,91,17,165,7,-1.0559617216310033,-1.017988799402444
R013,1550473200,26,137,111,163,7,-0.7095030764885449,-1.0203226802165983
R013,1550487600,187,542,355,729,7,0.1898151087748575,-0.359834409810886
R013,1550502000,263,529,266,792,7,-0.13821488503023605,-0.28631716416502045
R013,1550516400,600,853,253,1453,7,-0.18612937850738454,0.48503044491302877
R013,1550530800,315,352,37,667,7,-0.982247116281544,-0.43218471504967426
R013,1550545200,42,103,61,145,8,-1.005329564278307,-1.1549713508421162
R013,1550559600,137,259,122,396,8,-0.811087155252589,-0.8931619503222351
R013,1550573694,374,1069,695,1443,8,1.0135177688742392,0.19892746140810552
R013,1550573764,269,1000,731,1269,8,1.1281526332172858,0.01743409212340706
R013,1550573829,5,1,-4,6,8,-1.2123091804532529,-1.2999574332017316
R013,1550573904,762,1104,342,1866,8,-0.11054076204508086,0.6401441005312517
R013,1550574000,9,23,14,32,8,-1.1549917482817293,-1.2728377343430985
R013,1550588400,416,744,328,1160,8,-0.15512098706737684,-0.09626003001470863
R013,1550602800,1114,2007,893,3121,8,1.6440095227609963,1.9491911031306572
R013,1550617200,498,778,280,1276,8,-0.3079674728581059,0.024735549508423667
R013,1550631600,89,133,44,222,8,-1.0594626946625239,-1.0746553196069335
R013,1550646000,127,276,149,403,8,-0.725111006995304,-0.8858604929372186
R013,1550660400,672,1084,412,1756,8,0.11236036306639902,0.5254069130524194
R013,1550674800,486,914,428,1400,8,0.1633091916633087,0.15407565175728924
R013,1550689200,1150,2105,955,3255,8,1.8414362335740213,2.088961858786689
R013,1550703600,485,690,205,1175,8,-0.5467901069061201,-0.08061404990395876
R013,1550718000,57,142,85,199,8,-0.9289063213829427,-1.0986458224434168
R013,1550732400,133,263,130,396,8,-0.7856127409541341,-0.8931619503222351
R013,1550746800,730,1172,442,1902,8,0.20788941668560468,0.6776944527970514
R013,1550761200,427,804,377,1231,8,0.0009098005106590757,-0.022202390823825933
R013,1550775600,1059,2014,955,3073,8,1.8414362335740213,1.8991239667762576
R013,1550790000,468,812,344,1280,8,-0.10417215847046715,0.028907810871290296
R013,1550804400,82,179,97,261,8,-0.8906946999352604,-1.0339757713189839
R013,1550818800,143,275,132,418,8,-0.7792441373795205,-0.8702145128264687
R013,1550833200,608,1120,512,1728,8,0.43079054179708454,0.496201083512353
R013,1550847600,562,888,326,1450,8,-0.16148959064199053,0.2062289187931221
R013,1550862000,935,2109,1174,3044,8,2.5387983249942225,1.8688750718954745
R013,1550876400,419,738,319,1157,8,-0.18377970315313855,-0.09938922603685861
R013,1551495600,9197,9242,45,18439,9,-0.33411454945426045,5.894769417239876
R013,1551510000,21,107,86,128,9,-0.11043768647009757,-0.25220006693912184
R013,1551524400,162,405,243,567,9,0.7460810327619409,-0.10482856327713831
R013,1551538800,372,445,73,817,9,-0.18135961863580774,-0.0209040167725919
R013,1551551342,332,135,-197,467,9,-1.654353594385173,-0.13839838187895687
R013,1551551423,1,1,0,2,9,-0.579613545412488,-0.29449803837741323
R013,1551551503,2,7,5,9,9,-0.5523358791949072,-0.2921481510752859
R013,1551551584,1,3,2,4,9,-0.5687024789254557,-0.29382664200537684
R013,1551551664,1,1,0,2,9,-0.579613545412488,-0.29449803837741323
R013,1551551745,3,4,1,7,9,-0.5741580121689719,-0.2928195474473223
R013,1551551825,0,2,2,2,9,-0.5687024789254557,-0.29449803837741323
R013,1551551906,1,0,-1,1,9,-0.5850690786560042,-0.29483373656343137
R013,1551551987,3,0,-3,3,9,-0.5959801451430365,-0.29416234019139503
R013,1551552068,2,0,-2,2,9,-0.5905246118995203,-0.29449803837741323
R013,1551552160,99,551,452,650,9,1.8862874806568202,-0.0769656138376289
R013,1551552240,2,1,-1,3,9,-0.5850690786560042,-0.29416234019139503
R013,1551552321,1,0,-1,1,9,-0.5850690786560042,-0.29483373656343137
R013,1551552402,5,1,-4,6,9,-0.6014356783865527,-0.29315524563334044
R013,1551552482,2,0,-2,2,9,-0.5905246118995203,-0.29449803837741323
R013,1551552563,2,1,-1,3,9,-0.5850690786560042,-0.29416234019139503
R013,1551552643,4,10,6,14,9,-0.546880345951391,-0.290469660145195
R013,1551552724,2,1,-1,3,9,-0.5850690786560042,-0.29416234019139503
R013,1551552805,3,8,5,11,9,-0.5523358791949072,-0.2914767547032495
R013,1551553200,240,528,288,768,9,0.9915800287201685,-0.037353227887483
R013,1551567600,212,393,181,605,9,0.4078379716639384,-0.09207203220844726
R013,1551582000,70,126,56,196,9,-0.2741036837755826,-0.2293725902898852
R013,1551596400,28,101,73,129,9,-0.18135961863580774,-0.25186436875310364
R013,1551610800,138,342,204,480,9,0.5333152362648103,-0.13403430546072045
R013,1551625200,310,642,332,952,9,1.2316234914348798,0.024415238339863164
R013,1551639600,373,535,162,908,9,0.3041828400371312,0.009644518155062993
R013,1551654000,302,312,10,614,9,-0.5250582129773264,-0.08905074853428359
R013,1551668400,37,87,50,124,9,-0.3068368832366796,-0.25354285968319457
R013,1551682800,106,170,64,276,9,-0.23045941782745327,-0.20251673540843035
R013,1551697200,562,980,418,1542,9,1.7007993503772703,0.2224771680905927
R013,1551711600,352,728,376,1080,9,1.4716669541495913,0.06738460615019093
R013,1551726000,933,1761,828,2694,9,3.9375679802188994,0.6092014783835425
R013,1551740400,420,602,182,1022,9,0.4132935049074546,0.04791411136113616
R013,1551754800,52,100,48,152,10,-0.8402442448864149,-1.1163833612320608
R013,1551769200,162,256,94,418,10,-0.6968194421118852,-0.8241930773856317
R013,1551783600,812,1179,367,1991,10,0.15437558304999743,0.9036840522776505
R013,1551798000,438,827,389,1265,10,0.2229700539421638,0.1062023001253664
R013,1551812400,1102,2227,1125,3329,10,2.5177668983346386,2.3734231492194633
R013,1551826800,486,835,349,1321,10,0.09825283413822496,0.1677160440930357
R013,1551841200,79,124,45,203,10,-0.8495980363717103,-1.0603619158329334
R013,1551855600,145,275,130,420,10,-0.5845739442883402,-0.8219961579582149
R013,1551870000,773,1167,394,1940,10,0.23855970641765617,0.847662606878523
R013,1551884400,439,809,370,1248,10,0.16372937453529285,0.08752848499232393
R013,1551898800,1117,2276,1159,3393,10,2.6237765351679867,2.4437245708968
R013,1551913200,519,855,336,1374,10,0.057719737701944836,0.22593440891957983
R013,1551927600,68,135,67,203,10,-0.7810035654795439,-1.0603619158329334
R013,1551942000,149,268,119,417,10,-0.6188711797344234,-0.8252915370993401
R013,1551956400,780,1151,371,1931,10,0.16684730503039133,0.8377764694551476
R013,1551970800,522,822,300,1344,10,-0.054525760121600125,0.19298061750832843
R013,1551985200,1051,2154,1103,3205,10,2.4491724274424724,2.237214144719624
R013,1551999600,473,844,371,1317,10,0.16684730503039133,0.16332220523820218
R013,1552014000,116,164,48,280,10,-0.8402442448864149,-0.9757805178773882
R013,1552028400,162,261,99,423,10,-0.6812297896363928,-0.8187007788170898
R013,1552042800,629,1076,447,1705,10,0.40381002265787513,0.5895245741570537
R013,1552057200,518,894,376,1412,10,0.18243695750588368,0.2676758780404983
R013,1552071600,920,2111,1191,3031,10,2.7235503110111376,2.046082154534366
R013,1552086000,452,858,406,1310,10,0.27597487235883783,0.1556329872422435
R013,1552100400,479,203,-276,682,10,-1.8504537252983195,-0.5341997129666193
R013,1552114800,52,100,48,152,10,-0.8402442448864149,-1.1163833612320608
R013,1552129200,172,406,234,578,10,-0.26030917279809923,-0.6484395231922908
R013,1552143600,294,610,316,904,10,-0.004638872200024589,-0.29034165652335886
R013,1552158000,347,736,389,1083,10,0.2229700539421638,-0.09371736776955882
R013,1552172400,284,421,137,705,10,-0.5627484308226509,-0.5089351395513265
R013,1552190400,144,146,2,290,10,-0.9836690476609445,-0.9647959207403044
R013,1552204800,30,132,102,162,10,-0.6718759981510974,-1.105398764094977
R013,1552219200,180,461,281,641,10,-0.11376643952847108,-0.5792365612286628
R013,1552233600,348,581,233,929,10,-0.2634271032931977,-0.26288016368064937
R013,1552248000,408,530,122,938,10,-0.609517388249128,-0.25299402625727396
R013,1552262400,245,254,9,499,10,-0.9618435341952553,-0.7352178405752529
R013,1552276800,28,29,1,57,10,-0.986786978156043,-1.220737034034357
R013,1552291200,324,550,226,874,10,-0.28525261675888697,-0.3232954479346103
R013,1552305600,586,1089,503,1675,10,0.5784141303833895,0.5565707827458023
R013,1552320000,497,922,425,1419,10,0.3352155517657088,0.275365096036457
R013,1552334400,1060,1621,561,2681,10,0.7592540990991008,1.6616212547364329
R013,1552348800,319,493,174,812,11,-0.485184237875153,-0.43006620349795527
R013,1552363200,41,64,23,105,11,-1.0042528000553521,-1.2341454030111327
R013,1552377600,363,481,118,844,11,-0.6776864861009222,-0.3936722369004706
R013,1552392000,606,1068,462,1674,11,0.5048273244288027,0.5502962717217887
R013,1552406400,562,989,427,1551,11,0.384513419287697,0.4104069626127069
R013,1552420800,1116,2250,1134,3366,11,2.8148543031380333,2.4746272555637923
R013,1552435200,441,571,130,1012,11,-0.6364360043382574,-0.20260391226367594
R013,1552449600,69,62,-7,131,11,-1.1073790044620142,-1.2045753051506765
R013,1552464000,345,526,181,871,11,-0.46112145684693184,-0.36296482758384285
R013,1552478400,590,1119,529,1709,11,0.735142514270348,0.5901021726877876
R013,1552492800,573,1010,437,1583,11,0.4188888207565844,0.4468009292101916
R013,1552507200,1239,2199,960,3438,11,2.2167223175793933,2.5565136804081328
R013,1552521600,382,599,217,981,11,-0.3373700115589374,-0.23786056740498923
R013,1552536000,51,70,19,121,11,-1.018002960642907,-1.2159484197123904
R013,1552550400,352,519,167,871,11,-0.5092470189033742,-0.36296482758384285
R013,1552564800,600,1120,520,1720,11,0.7042046529483494,0.602612598705673
R013,1552579200,572,978,406,1550,11,0.31232507620303357,0.4092696511565355
R013,1552593600,1141,1715,574,2856,11,0.8898318208803411,1.8945984129163798
R013,1552608000,466,459,-7,925,11,-1.1073790044620142,-0.3015500089505874
R013,1552622400,75,52,-23,127,11,-1.1623796468122338,-1.209124550975362
R013,1552636800,366,442,76,808,11,-0.822063172270249,-0.43461544932264085
R013,1552651200,526,958,432,1484,11,0.4017011200221407,0.33420709504922336
R013,1552665600,651,999,348,1650,11,0.11294774768348693,0.5230007967736752
R013,1552680000,907,1813,906,2720,11,2.0310951496474012,1.7399240548770698
R013,1552694400,429,643,214,1072,11,-0.3476826319996036,-0.13436522489339212
R013,1552708800,75,76,1,151,11,-1.0798786832869043,-1.1818290760272485
R013,1552723200,54,197,143,251,11,-0.5917479824287039,-1.0680979304101088
R013,1552737600,248,607,359,855,11,0.15076068929926303,-0.3811618108825852
R013,1552752000,342,871,529,1213,11,0.735142514270348,0.02599569042677482
R013,1552766400,483,915,432,1398,11,0.4017011200221407,0.23639830981848323
R013,1552780800,317,392,75,709,11,-0.8255007124171378,-0.5472092834836091
R013,1552795200,56,92,36,148,11,-0.9595647781457984,-1.1852410103957627
R013,1552809600,38,129,91,167,11,-0.770500070066918,-1.1636320927285062
R013,1552824000,208,606,398,814,11,0.2848247550279237,-0.4277915805856125
R013,1552838400,463,871,408,1334,11,0.31920015649681105,0.16361037662351383
R013,1552852800,560,746,186,1306,11,-0.4439337561124882,0.13176565585071473
R013,1552867200,236,271,35,507,11,-0.9630023182926872,-0.7769461976302313
R013,1552881600,30,37,7,67,11,-1.0592534424055717,-1.277363238345646
R013,1552896000,340,480,140,820,11,-0.60206060286937,-0.4209677118485841
R013,1552910400,598,1026,428,1624,11,0.38795095943458574,0.4934306989132189
R013,1552924800,477,989,512,1466,11,0.6767043317732395,0.3137354888381382
R013,1552939200,1068,2107,1039,3175,11,2.488287989183603,2.257400767435055
R013,1552953600,220,310,90,530,12,-0.7572446465612889,-0.6588394916693568
R013,1552968000,1,1,0,2,12,-1.0321567445253372,-1.2313931623041894
R013,1552982400,347,496,149,843,12,-0.5770244934515238,-0.319427940705905
R013,1552996800,578,1055,477,1633,12,0.4248773746841192,0.5372338013424239
R013,1553011200,531,1002,471,1533,12,0.40654990148651593,0.4287956061464329
R013,1553025600,1062,2109,1047,3171,12,2.1659873284564255,2.2050132434567655
R013,1553040000,238,314,76,552,12,-0.8000087506890298,-0.6349830887262389
R013,1553054400,5,3,-2,8,12,-1.0382659022578717,-1.2248868705924298
R013,1553068800,357,470,113,827,12,-0.6869893326371432,-0.33677805193726357
R013,1553083200,594,1042,448,1636,12,0.33629458756237024,0.5404869471983036
R013,1553097600,490,942,452,1432,12,0.34851290302743904,0.319273028998482
R013,1553112000,1087,2164,1077,3251,12,2.257624694444442,2.2917637996135585
R013,1553126400,246,406,160,652,12,-0.5434241259225846,-0.5265448935302478
R013,1553140800,1,1,0,2,12,-1.0321567445253372,-1.2313931623041894
R013,1553155200,329,471,142,800,12,-0.5984065455153943,-0.36605636464018115
R013,1553169600,593,1053,460,1646,12,0.3729495339575767,0.5513307667179027
R013,1553184000,538,1024,486,1562,12,0.452368584480524,0.4602426827532703
R013,1553198400,1108,2076,968,3184,12,1.9246755980213166,2.2191102088322445
R013,1553212800,244,332,88,576,12,-0.7633538042938234,-0.6089579218792011
R013,1553227200,2,5,3,7,12,-1.0229930079265357,-1.2259712525443898
R013,1553241600,302,464,162,766,12,-0.5373149681900502,-0.4029253510068181
R013,1553256000,514,1135,621,1649,12,0.8647367314265966,0.5545839125737825
R013,1553270400,588,1116,528,1704,12,0.5806608968637466,0.6142249199315775
R013,1553284800,898,1996,1098,2894,12,2.321770850636053,1.9046394427638704
R013,1553299200,304,511,207,815,12,-0.399858919208026,-0.34979063536078253
R013,1553313600,88,54,-34,142,12,-1.1360124259784223,-1.079579689029802
R013,1553328000,46,172,126,218,12,-0.6472798073756696,-0.9971666606808488
R013,1553342400,203,570,367,773,12,0.08887369939472668,-0.39533467734309874
R013,1553356800,401,945,544,1346,12,0.6295341587240219,0.22601618112992972
R013,1553371200,458,871,413,1329,12,0.22938432724301808,0.20758168794661125
R013,1553385600,242,351,109,593,12,-0.699207648102212,-0.5905234286958826
R013,1553400000,74,58,-16,132,12,-1.0810300063856126,-1.0904235085494012
R013,1553414400,26,109,83,135,12,-0.7786266986251593,-1.0871703626935214
R013,1553428800,173,617,444,790,12,0.32407627209730144,-0.37690018415978027
R013,1553443200,533,1072,539,1605,12,0.6142612643926858,0.5068711066875464
R013,1553457600,561,741,180,1302,12,-0.4823325485972405,0.17830337524369366
R013,1553472000,248,249,1,497,12,-1.0291021656590702,-0.6946240960840339
R013,1553486400,39,33,-6,72,12,-1.0504842177229405,-1.1554864256669957
R013,1553500800,334,467,133,801,12,-0.6258977553117991,-0.36497198268822123
R013,1553515200,606,1049,443,1655,12,0.32102169323103424,0.5610902042855419
R013,1553529600,512,972,460,1484,12,0.3729495339575767,0.3756608905003973
R013,1553544000,1072,2157,1085,3229,12,2.2820613253745794,2.2679073966704406
R013,1553558400,206,285,79,491,13,-0.7498523844705258,-0.6608726395376103
R013,1553572800,1,1,0,2,13,-1.0200106440496663,-1.2122233844888015
R013,1553587200,349,489,140,838,13,-0.5412491713777717,-0.26962783688308406
R013,1553601600,586,1108,522,1694,13,0.7650857040555408,0.6955178434404736
R013,1553616000,493,944,451,1437,13,0.5222852429147943,0.4057486380162279
R013,1553630400,1076,1953,877,3029,13,1.9790880097592738,2.2007392023563024
R013,1553644800,215,311,96,526,13,-0.6917170627889386,-0.6214099072813901
R013,1553659200,1,2,1,3,13,-1.0165909192448672,-1.2110958778529095
R013,1553673600,359,496,137,855,13,-0.5515083457921695,-0.25046022407291996
R013,1553688000,583,1080,497,1663,13,0.6795925839355597,0.6605651377278213
R013,1553702400,534,993,459,1527,13,0.5496430413531882,0.5072242352465085
R013,1553716800,1150,1735,585,2885,13,0.9805283667578935,2.0383782467878535
R013,1553731200,231,280,49,511,13,-0.8524441286145032,-0.6383225068197702
R013,1553745600,1,1,0,2,13,-1.0200106440496663,-1.2122233844888015
R013,1553760000,339,479,140,818,13,-0.5412491713777717,-0.2921779696009242
R013,1553774400,610,1075,465,1685,13,0.5701613901819838,0.6853702837174455
R013,1553788800,543,989,446,1532,13,0.505186618890798,0.5128617684259685
R013,1553803200,1118,2231,1113,3349,13,2.7861430636918962,2.5615413258417443
R013,1553817600,185,349,164,534,13,-0.4591757760625898,-0.6123898541942541
R013,1553832000,1,2,1,3,13,-1.0165909192448672,-1.2110958778529095
R013,1553846400,232,446,214,678,13,-0.2881895358226274,-0.4500288986258051
R013,1553852954,137,589,452,726,13,0.5257049677195935,-0.3959085801029888
R013,1553857327,99,228,129,327,13,-0.5788661442305635,-0.8457837278238994
R013,1553860800,513,924,411,1437,13,0.38549625072282434,0.4057486380162279
R013,1553875200,637,1108,471,1745,13,0.5906797390107792,0.7530206818709659
R013,1553889600,868,1989,1121,2857,13,2.81350086213029,2.0068080609828773
R013,1553904000,404,497,93,901,13,-0.7019762372033364,-0.19859491882188765
R013,1553918400,82,83,1,165,13,-1.0165909192448672,-1.0284398028384045
R013,1553932800,47,200,153,247,13,-0.49679274891538155,-0.9359842586952599
R013,1553947200,258,514,256,772,13,-0.14456109402105904,-0.34404327485195646
R013,1553961600,388,907,519,1295,13,0.754826529641143,0.24564269571956296
R013,1553976000,494,805,311,1299,13,0.043523770242899586,0.25015272226313096
R013,1553990400,341,368,27,709,13,-0.9276780743200868,-0.4150761929131529
R013,1554004800,76,91,15,167,13,-0.9687147719776777,-1.0261847895666205
R013,1554019200,29,124,95,153,13,-0.6951367875937379,-1.0419698824691086
R013,1554033600,291,492,201,783,13,-0.33264595828501764,-0.3316407018571444
R013,1554048000,365,640,275,1005,13,-0.07958632272987333,-0.08133422868911895
R013,1554062400,413,552,139,965,13,-0.544668896182571,-0.1264344941247992
R013,1554076800,219,261,42,480,13,-0.876382202248098,-0.6732752125324224
R013,1554091200,30,43,13,73,13,-0.9755542215872762,-1.132170413340469
R013,1554105600,408,502,94,910,13,-0.6985565123985371,-0.18844735909885957
R013,1554120000,598,1031,433,1629,13,0.4607301964284078,0.6222299121074931
R013,1554134400,499,971,472,1470,13,0.5940994638155784,0.4429563570006641
R013,1554148800,1126,2091,965,3217,13,2.2800237925816074,2.4127104499039995
R013,1554163200,286,441,155,727,14,-0.5526642995344484,-0.49975571391636875
R013,1554177600,31,52,21,83,14,-0.9960562707076309,-1.2057353739158436
R013,1554192000,348,511,163,859,14,-0.526193137076348,-0.3550518084506379
R013,1554206400,582,1031,449,1613,14,0.4201509208007432,0.471514439436946
R013,1554220800,519,1001,482,1520,14,0.5293444659404075,0.36956396058609015
R013,1554235200,1107,2157,1050,3264,14,2.4087970004655395,2.2814094994666556
R013,1554249600,380,566,186,946,14,-0.4500885450093091,-0.25967877984822435
R013,1554264000,66,54,-12,120,14,-1.1052498158472952,-1.165174430717116
R013,1554278400,349,480,131,829,14,-0.6320777869087497,-0.3879390596928494
R013,1554292800,579,1108,529,1687,14,0.6848625453817476,0.5526363258344011
R013,1554307200,554,1004,450,1558,14,0.4234598161080057,0.41122114549289146
R013,1554321600,1122,2151,1029,3273,14,2.339310199013026,2.291275674839319
R013,1554336000,351,528,177,879,14,-0.47986860277467214,-0.3331269742891635
R013,1554350400,44,63,19,107,14,-1.002674061322156,-1.1794255729220742
R013,1554364800,334,480,146,814,14,-0.5824443572998114,-0.4043826853139552
R013,1554379200,597,1108,511,1705,14,0.6253024298510217,0.5723686765797281
R013,1554393600,556,1039,483,1595,14,0.53265336124767,0.451782088691619
R013,1554408000,1182,2077,895,3259,14,1.8959182278398432,2.275928290926287
R013,1554422400,353,615,262,968,14,-0.19861250165735483,-0.23556146227060254
R013,1554436800,55,65,10,120,14,-1.032454119087519,-1.165174430717116
R013,1554451200,327,471,144,798,14,-0.5890621479143365,-0.4219225526431347
R013,1554465600,534,988,454,1522,14,0.4366953973370559,0.37175644400223756
R013,1554480000,693,1129,436,1822,14,0.37713528180632994,0.7006289564243532
R013,1554494400,1062,2141,1079,3203,14,2.5047549643761537,2.2145387552741584
R013,1554508800,390,467,77,857,14,-0.8107581335009277,-0.3572442918667853
R013,1554523200,57,84,27,141,14,-0.9762028988640555,-1.1421533548475677
R013,1554537600,40,167,127,207,14,-0.6453133681377999,-1.0698014021147024
R013,1554552000,229,555,326,784,14,0.013156798007448752,-0.43726993655616675
R013,1554566400,380,956,576,1336,14,0.8403806248230878,0.1678554863005259
R013,1554580800,560,867,307,1427,14,-0.049712212830539816,0.2676134817352343
R013,1554595200,263,338,75,601,14,-0.8173759241154529,-0.6378821691336573
R013,1554609600,58,73,15,131,14,-1.0159096425512062,-1.153115771928305
R013,1554624000,31,94,63,125,14,-0.8570826678026036,-1.1596932221767473
R013,1554638400,190,606,416,796,14,0.31095737566107884,-0.42411503605928214
R013,1554652800,493,904,411,1397,14,0.29441289912476604,0.23472623049302274
R013,1554667200,565,733,168,1298,14,-0.5096486605400351,0.12619830139372462
R013,1554681600,271,219,-52,490,14,-1.2376056281377974,-0.7595649987298401
R013,1554696000,30,47,17,77,14,-1.0092918519366811,-1.2123128241642858
R013,1554710400,339,366,27,705,14,-0.9762028988640555,-0.5238730314939906
R013,1554724800,561,1025,464,1586,14,0.46978435040968153,0.4419159133189556
R013,1554739200,525,918,393,1443,14,0.23485278359404002,0.2851533490644138
R013,1554753600,1085,1924,839,3009,14,1.7106200906331401,2.001867863907857
R013,1554768000,288,380,92,668,15,-0.6991239762838914,-0.495723000824419
R013,1554782400,36,46,10,82,15,-0.991198755949413,-1.1562151843467174
R013,1554796800,359,496,137,855,15,-0.5388390362235443,-0.284951604376177
R013,1554811200,580,1153,573,1733,15,1.0141439385833748,0.7046595511401679
R013,1554825600,534,905,371,1439,15,0.2946426520902609,0.3732863396119157
R013,1554840000,1194,2059,865,3253,15,2.0542151051971835,2.4178815971365735
R013,1554854400,330,490,160,820,15,-0.45691562241492245,-0.32440079622477846
R013,1554868800,76,48,-28,124,15,-1.1265504831114839,-1.1088761541283958
R013,1554883200,358,512,154,870,15,-0.47828694775630204,-0.26804480786963353
R013,1554897600,580,1038,458,1618,15,0.6045268695402655,0.5750407779233345
R013,1554912000,556,1008,452,1564,15,0.5831555441988858,0.514176310499778
R013,1554926400,1188,1914,726,3102,15,1.5591127347885552,2.247686512304036
R013,1554940800,399,514,115,913,15,-0.6172005624752696,-0.21957865788420888
R013,1554955200,46,63,17,109,15,-0.9662655430511368,-1.1257829506349393
R013,1554969600,359,504,145,863,15,-0.5103439357683714,-0.2759346462393538
R013,1554984000,591,1050,459,1641,15,0.608088757097162,0.6009645325667012
R013,1554998400,542,992,450,1534,15,0.5760317690850926,0.48036271748669107
R013,1555012800,1151,1929,778,3080,15,1.7443308877471786,2.222889877427772
R013,1555027200,378,574,196,952,15,-0.3286876703666447,-0.17562098696719586
R013,1555041600,53,68,15,121,15,-0.97338931816493,-1.1122575134297046
R013,1555056000,291,475,184,766,15,-0.37143032104940393,-0.38526526364833497
R013,1555059756,276,369,93,645,15,-0.6955620887269949,-0.5216467554677857
R013,1555070400,447,1073,626,1520,15,1.2029239790988948,0.4645830407472505
R013,1555084800,616,955,339,1571,15,0.1806622502695696,0.5220661488694983
R013,1555099200,966,2025,1059,2991,15,2.7452212912351244,2.122576218155614
R013,1555113600,419,352,-67,771,15,-1.2654640978304514,-0.37962966481282046
R013,1555128000,69,30,-39,99,15,-1.1657312462373466,-1.1370541483059682
R013,1555142400,38,141,103,179,15,-0.6599432131580288,-1.0468845669377365
R013,1555156800,199,449,250,648,15,-0.1363457422942281,-0.5182653961664769
R013,1555171200,361,795,434,1156,15,0.519041568174747,0.05431144552179543
R013,1555185600,409,677,268,1086,15,-0.07223176627008925,-0.024586938175407462
R013,1555200000,208,239,31,447,15,-0.9163991172545843,-0.7448164693541596
R013,1555214400,61,20,-41,81,15,-1.1728550213511397,-1.1573423041138204
R013,1555228800,32,88,56,120,15,-0.8273519283321692,-1.1133846331968074
R013,1555243200,195,538,343,733,15,0.19490980049715603,-0.42246021596273065
R013,1555257600,369,735,366,1104,15,0.2768332143057779,-0.004298782367555288
R013,1555272000,362,621,259,983,15,-0.10428875428215867,-0.14068027418700602
R013,1555286400,206,139,-67,345,15,-1.2654640978304514,-0.8597826855986552
R013,1555300800,19,9,-10,28,15,-1.0624365070873452,-1.217079651770274
R013,1555315200,248,498,250,746,15,-0.1363457422942281,-0.40780765899039295
R013,1555329600,584,1032,448,1616,15,0.5689079939712994,0.5727865383891287
R013,1555344000,547,1003,456,1550,15,0.5974030944264722,0.49839663376033744
R013,1555358400,1100,2010,910,3110,15,2.2145000452575303,2.256703470440859
R013,1555372800,269,473,204,742,16,-0.35380881070538944,-0.42036919537790957
R013,1555387200,57,73,16,130,16,-0.6430735520180473,-0.7851394984128818
R013,1555401600,381,529,148,910,16,-0.43997277620277686,-0.32023617101536817
R013,1555416000,606,1113,507,1719,16,0.11239978832511757,0.16195202368282222
R013,1555430400,538,1008,470,1546,16,0.055470025407200876,0.05883884978568138
R013,1555444800,1130,2036,906,3166,16,0.7263180424940031,1.0244072989959019
R013,1555459200,376,560,184,936,16,-0.38458165552588497,-0.30473939343545103
R013,1555473600,47,63,16,110,16,-0.6430735520180473,-0.7970600965512795
R013,1555488000,355,495,140,850,16,-0.45228191413097507,-0.3559979654305615
R013,1555502400,578,1083,505,1661,16,0.10932250384306802,0.12738228908146865
R013,1555516800,581,972,391,1553,16,-0.0660827116337564,0.0630110591341206
R013,1555531200,1181,2021,840,3202,16,0.6247676545863678,1.0458643756450179
R013,1555545600,353,616,263,969,16,-0.2630289184849277,-0.2850704065070947
R013,1555560000,47,74,27,121,16,-0.6261484873667748,-0.7905037675751607
R013,1555574400,349,521,172,870,16,-0.4030453624181823,-0.3440773672921637
R013,1555588800,563,1042,479,1605,16,0.06931780557642385,0.09400461429395483
R013,1555603200,584,1106,522,1690,16,0.1354794219404892,0.14466715638214542
R013,1555617600,1142,1887,745,3029,16,0.47859664168901417,0.9427512017478771
R013,1555632000,368,562,194,930,16,-0.36919523311563723,-0.30831557287697037
R013,1555646400,54,60,6,114,16,-0.6584599744282951,-0.7946759769235999
R013,1555660800,0,0,0,0,16,-0.6676918278744437,-0.8626233863124674
R013,1555718400,1988,4267,2279,6255,16,2.83887383942102,2.86554368147144
R013,1555732800,2640,6193,3553,8833,16,4.799104054486585,4.402108781510914
R013,1555747200,88,289,201,377,16,-0.35842473742846376,-0.6379201114036691
R013,1555761600,263,581,318,844,16,-0.17840359522856503,-0.35957414487208084
R013,1555776000,350,881,531,1231,16,0.1493272021097122,-0.12891057089408373
R013,1555790400,548,688,140,1236,16,-0.45228191413097507,-0.12593042135948426
R013,1555804800,291,304,13,595,16,-0.6476894787411216,-0.5079855916951332
R013,1555819200,61,86,25,147,16,-0.6292257718488243,-0.7750069899952436
R013,1555833600,26,141,115,167,16,-0.4907479701565945,-0.7630863918568458
R013,1555848000,219,614,395,833,16,-0.0599281426696573,-0.36613047384819963
R013,1555862400,438,960,522,1398,16,0.1354794219404892,-0.029373576438462223
R013,1555876800,551,701,150,1252,16,-0.43689549172072734,-0.11639394284876604
R013,1555891200,316,199,-117,515,16,-0.8477129700743425,-0.5556679842487244
R013,1555905600,36,40,4,76,16,-0.6615372589103445,-0.8173251133865558
R013,1555920000,272,439,167,711,16,-0.4107385736233061,-0.4388461224924261
R013,1555934400,517,1042,525,1559,16,0.14009534866356355,0.06658723857563993
R013,1555948800,531,975,444,1506,16,0.015465327140556708,0.03499765350888581
R013,1555963200,1066,1990,924,3056,16,0.754013602832449,0.958844009234714
R013,1555977600,280,386,106,666,17,-0.6723492221365166,-0.616187354627052
R013,1555992000,34,59,25,93,17,-0.9333707962216963,-1.29051616534301
R013,1556006400,293,448,155,741,17,-0.5144472822578277,-0.5279244212872669
R013,1556020800,554,1085,531,1639,17,0.6972084196684383,0.5288771005677598
R013,1556035200,542,995,453,1537,17,0.4458543112901172,0.40883951122565215
R013,1556049600,1032,1975,943,3007,17,2.0248737100770065,2.1387930046854398
R013,1556064000,360,511,151,871,17,-0.5273372365336391,-0.3749353368316394
R013,1556078400,82,58,-24,140,17,-1.091272736100385,-1.2352047271167446
R013,1556092800,322,461,139,783,17,-0.5660070993610731,-0.4784971786169872
R013,1556107200,507,1085,578,1592,17,0.8486653824092216,0.4735656623414945
R013,1556121600,500,918,418,1418,17,0.333067211376768,0.26879565699319313
R013,1556136000,1087,1988,901,3075,17,1.8895291901809874,2.218818064246845
R013,1556150400,360,550,190,910,17,-0.4016601823444785,-0.32903861149495117
R013,1556164800,33,62,29,95,17,-0.9204808419458849,-1.2881624871206157
R013,1556179200,305,492,187,797,17,-0.411327648051337,-0.46202143106022736
R013,1556193600,556,1156,600,1712,17,0.9195601309261839,0.6147863556851506
R013,1556208000,512,983,471,1495,17,0.5038591055312682,0.3594122685553725
R013,1556222400,1166,2093,927,3259,17,1.9733138929737613,2.4353564607071174
R013,1556236800,404,605,201,1009,17,-0.36621280808599727,-0.21253153948643486
R013,1556251200,157,94,-63,251,17,-1.2169497902895459,-1.1045755857738628
R013,1556265600,258,477,219,735,17,-0.30820801384484625,-0.5349854559544497
R013,1556280000,485,1108,623,1593,17,0.9936773680120992,0.47474250145269165
R013,1556294400,618,1201,583,1819,17,0.8647778252539857,0.7407081405832441
R013,1556308800,922,1828,906,2750,17,1.9056416330257517,1.8363453531077762
R013,1556323200,434,516,82,950,17,-0.7496889477913846,-0.28196504704706576
R013,1556337600,188,93,-95,281,17,-1.3200694244960365,-1.0692704124379486
R013,1556352000,75,171,96,246,17,-0.704574107826045,-1.1104597813298485
R013,1556366400,241,678,437,919,17,0.39429449418687185,-0.31844705949417695
R013,1556380800,530,1166,636,1696,17,1.035569719408486,0.5959569299059965
R013,1556395200,586,902,316,1488,17,0.004373377343578769,0.3511743947769925
R013,1556409600,409,428,19,837,17,-0.9527057276354133,-0.41494786661234195
R013,1556424000,180,87,-93,267,17,-1.3136244473581309,-1.0857461599947087
R013,1556438400,50,122,72,172,17,-0.781913833480913,-1.1975458755584363
R013,1556452800,216,628,412,844,17,0.3137322799630509,-0.40670999283396203
R013,1556467200,566,885,319,1451,17,0.014040843050437275,0.30763134766269856
R013,1556481600,641,645,4,1286,17,-1.001043056169706,0.11345289431517139
R013,1556496000,330,188,-142,518,17,-1.4715263872368198,-0.7903595430842278
R013,1556510400,87,36,-51,123,17,-1.1782799274621116,-1.255210992007096
R013,1556524800,330,487,157,817,17,-0.5080023051199221,-0.43848464883628463
R013,1556539200,561,1084,523,1645,17,0.6714285111168157,0.5359381352349426
R013,1556553600,526,904,378,1430,17,0.20416766861865454,0.28291772632755874
R013,1556568000,1055,1951,896,3006,17,1.8734167473362233,2.1376161655742427
R013,1556582400,361,425,64,786,18,-0.7478676473669825,-0.3970841629463487
R013,1556596800,95,51,-44,146,18,-1.134956968823022,-1.120129104981213
R013,1556611200,391,530,139,921,18,-0.47905561857806606,-0.24456687048586945
R013,1556625600,619,1065,446,1684,18,0.6212816192645653,0.6174382713463205
R013,1556640000,532,948,416,1480,18,0.5137568077489987,0.3869676960727074
R013,1556654400,1061,2038,977,3099,18,2.5244707830900937,2.2160454478765286
R013,1556668800,373,516,143,889,18,-0.4647189770426572,-0.2807191175876127
R013,1556683200,112,52,-60,164,18,-1.1923035349646578,-1.0997934659864825
R013,1556697600,364,524,160,888,18,-0.40378825051716943,-0.28184887530954217
R013,1556712000,591,1122,531,1713,18,0.925935251892004,0.6502012452822752
R013,1556726400,515,972,457,1487,18,0.6607073834869397,0.3948760001262137
R013,1556740800,1131,1971,840,3102,18,2.0334408105023396,2.2194347210423166
R013,1556755200,397,529,132,926,18,-0.5041447412650316,-0.23891808187622207
R013,1556769600,76,51,-25,127,18,-1.06685792152983,-1.141594501697873
R013,1556784000,369,500,131,869,18,-0.5077289016488838,-0.3033142720262022
R013,1556798400,583,1212,629,1795,18,1.2771829695095214,0.7428413784804923
R013,1556812800,556,1005,449,1561,18,0.632034100416122,0.4784780715489949
R013,1556827200,1476,1979,503,3455,18,0.8255787611441417,2.6182391968834215
R013,1556841600,409,566,157,975,18,-0.4145407316687261,-0.18355995350167778
R013,1556856000,78,68,-10,146,18,-1.0130955157720467,-1.120129104981213
R013,1556870400,325,467,142,792,18,-0.46830313742650936,-0.3903056166147718
R013,1556884800,529,1109,580,1638,18,1.1015591107007627,0.5654694161375645
R013,1556899200,623,1036,413,1659,18,0.5030043265974421,0.5891943282980835
R013,1556913600,956,1895,939,2851,18,2.3882726885037093,1.9358655328380185
R013,1556928000,425,540,115,965,18,-0.5650754677905193,-0.19485753072097253
R013,1556942400,121,85,-36,206,18,-1.1062836857522045,-1.0523436416654446
R013,1556956800,41,187,146,228,18,-0.4539664958911005,-1.027488971782996
R013,1556971200,279,566,287,845,18,0.05140011823206242,-0.3304284573525096
R013,1556985600,430,759,329,1189,18,0.20193485435385564,0.058208198991230004
R013,1557000000,486,705,219,1191,18,-0.1923227878698885,0.06046771443508896
R013,1557014400,291,407,116,698,18,-0.5614913074066671,-0.4965028424761425
R013,1557028800,114,83,-31,197,18,-1.0883628838329433,-1.0625114611628097
R013,1557043200,37,152,115,189,18,-0.5650754677905193,-1.0715495229382457
R013,1557057600,218,472,254,690,18,-0.06687717443506082,-0.5055409042515783
R013,1557072000,459,831,372,1290,18,0.3560537508595011,0.17231372890610705
R013,1557086400,478,642,164,1120,18,-0.38945160898176057,-0.019745083821903812
R013,1557100800,242,227,-15,469,18,-1.0310163176913079,-0.7552173607979924
R013,1557115200,35,40,5,75,18,-0.9593331100142635,-1.2003419032382059
R013,1557129600,347,517,170,864,18,-0.36794664667864724,-0.30896306063584955
R013,1557144000,620,1057,437,1677,18,0.5890241758098953,0.6095299672928141
R013,1557151401,251,165,-86,416,18,-1.2854917049448153,-0.8150945200602546
R013,1557151524,8,6,-2,14,18,-0.984422232701229,-1.2692571242759039
R013,1557158400,497,900,403,1397,18,0.46716272275891985,0.29319780515256094
R013,1557172800,1125,2051,926,3176,18,2.3416786035136306,2.303036792465098
R013,1557187200,296,498,202,794,19,-0.2884044081466801,-0.46811348730771213
R013,1557201600,62,71,9,133,19,-0.8249676701244145,-1.1837788121954649
R013,1557216000,359,493,134,852,19,-0.47745260407665907,-0.4053168324764116
R013,1557230400,597,1160,563,1757,19,0.7152191025992376,0.5745275230809505
R013,1557244800,569,978,409,1547,19,0.28708054122840293,0.3471603245538277
R013,1557259200,1100,2032,932,3132,19,1.741083577572212,2.0632413229609203
R013,1557273600,376,607,231,983,19,-0.20778091282360084,-0.2634830086333017
R013,1557288000,63,79,16,142,19,-0.8055068264257402,-1.1740345036871598
R013,1557302400,331,491,160,822,19,-0.4051694703387259,-0.4377978608374291
R013,1557316800,616,1107,491,1723,19,0.5150504245557305,0.5377156909384639
R013,1557331200,510,842,332,1352,19,0.07301126054298557,0.13603364020721384
R013,1557345600,928,1960,1032,2888,19,2.0190956304104164,1.799062292291311
R013,1557360000,1551,604,-947,2155,19,-3.482762895257648,1.0054424993371163
R013,1557374400,57,89,32,146,19,-0.7610248979716275,-1.1697036999056907
R013,1557388800,353,532,179,885,19,-0.3523471802994671,-0.3695877012792923
R013,1557403200,577,1091,514,1668,19,0.5789931967085176,0.4781671389432651
R013,1557417600,661,1728,1067,2389,19,2.1163998489037876,1.2587945205530529
R013,1557432000,1207,2041,834,3248,19,1.4686317657907717,2.1888346326235215
R013,1557446400,394,601,207,995,19,-0.2745038055047699,-0.2504905972888947
R013,1557460800,59,81,22,140,19,-0.788826103255448,-1.1761999055778942
R013,1557475200,331,501,170,832,19,-0.3773682650549055,-0.4269708513837566
R013,1557489600,593,1059,466,1652,19,0.4455474113461794,0.4608439238173891
R013,1557504000,686,1038,352,1724,19,0.12861367111062644,0.5387983918838312
R013,1557518400,1057,1940,883,2997,19,1.6048576716814917,1.9170766953363414
R013,1557532800,351,479,128,830,19,-0.49413332724695136,-0.4291362532744911
R013,1557547200,75,138,63,213,19,-0.6748411615917842,-1.0971627365660848
R013,1557561600,44,202,158,246,19,-0.41072971139549,-1.0614336053689657
R013,1557576000,300,527,227,827,19,-0.218901394937129,-0.43238435611059284
R013,1557590400,387,822,435,1209,19,0.3593636749663361,-0.018792594980303032
R013,1557604800,527,687,160,1214,19,-0.4051694703387259,-0.013379090253466779
R013,1557619200,282,481,199,763,19,-0.29674476973182623,-0.5016772166140969
R013,1557633600,74,96,22,170,19,-0.788826103255448,-1.1437188772168767
R013,1557648000,48,134,86,182,19,-0.6108983894389972,-1.1307264658724696
R013,1557662400,224,472,248,696,19,-0.16051886384110609,-0.5742181799537027
R013,1557676800,310,662,352,972,19,0.12861367111062644,-0.27539271903234147
R013,1557691200,358,633,275,991,19,-0.08545560957479093,-0.2548214010703637
R013,1557705600,177,260,83,437,19,-0.6192387510241433,-0.8546377248038207
R013,1557720000,38,34,-4,72,19,-0.861109236993381,-1.2498235698628672
R013,1557734400,343,512,169,855,19,-0.38014838558328756,-0.4020687296403098
R013,1557748800,635,1091,456,1726,19,0.41774620606235896,0.5409637937745656
R013,1557763200,587,979,392,1566,19,0.23981849224590818,0.36773164251580553
R013,1557777600,1240,2342,1102,3582,19,2.2137040673971593,2.550456748376183
R013,1557792000,416,404,-12,820,20,-1.210780508006852,-0.4491572830888871
R013,1557806400,69,63,-6,132,20,-1.1892192227377925,-1.2241295984873932
R013,1557820800,364,514,150,878,20,-0.6286258057422422,-0.3838253146395944
R013,1557835200,598,1248,650,1846,20,1.1681479666793932,0.7065427105141177
R013,1557849600,631,1074,443,1705,20,0.4242836248968362,0.547718442387389
R013,1557864000,1302,2173,871,3475,20,1.962321974089756,2.541469893339941
R013,1557878400,427,511,84,938,20,-0.8657999437018982,-0.3162405196920503
R013,1557892800,74,62,-12,136,20,-1.210780508006852,-1.2196239454908904
R013,1557906860,328,500,172,828,20,-0.5495677597556903,-0.4401459770958812
R013,1557907200,110,442,332,552,20,0.025399847419233103,-0.7510360338545843
R013,1557921600,610,1411,801,2021,20,1.7107736459507272,0.9036650291111215
R013,1557936000,596,1022,426,1618,20,0.3631933166345006,0.44972048971344997
R013,1557950400,1177,2083,906,3260,20,2.0880961381592704,2.299291044777908
R013,1557964800,408,526,118,934,20,-0.7436193271772269,-0.3207461726885532
R013,1557979200,56,48,-8,104,20,-1.196406317827479,-1.2556691694629138
R013,1557993600,344,566,222,910,20,-0.36989038251352674,-0.3477800906675709
R013,1558008000,567,1257,690,1824,20,1.3118898684731242,0.6817616190333515
R013,1558022400,573,1060,487,1633,20,0.5823997168699401,0.466616688450336
R013,1558036800,1129,1928,799,3057,20,1.7035865508610406,2.0706291552053835
R013,1558051200,404,609,205,1013,20,-0.4309806907758623,-0.23175952600762012
R013,1558065600,58,93,35,151,20,-1.0418837733992183,-1.2027277467540043
R013,1558080000,343,537,194,880,20,-0.4705097137691383,-0.381572488141343
R013,1558086888,362,651,289,1013,20,-0.12912269700902756,-0.23175952600762012
R013,1558094400,467,1108,641,1575,20,1.1358060387758038,0.4012847200010433
R013,1558108800,699,1115,416,1814,20,0.3272578411860679,0.6704974865420942
R013,1558123200,1038,1900,862,2938,20,1.9299800461861665,1.936585978559421
R013,1558137600,426,582,156,1008,20,-0.6070645204731826,-0.2373915922532488
R013,1558152000,68,91,23,159,20,-1.0850063439373376,-1.1937164407609984
R013,1558166400,46,229,183,275,20,-0.5100387367624143,-1.063052503862413
R013,1558180800,243,595,352,838,20,0.09727079831609853,-0.42888184460462386
R013,1558195200,500,788,288,1288,20,-0.13271624455387082,0.0780041175019572
R013,1558209600,529,822,293,1351,20,-0.11474850682965447,0.14896815219687853
R013,1558224000,358,442,84,800,20,-0.8657999437018982,-0.4716855480714018
R013,1558238400,89,116,27,205,20,-1.0706321537579646,-1.1419014313012146
R013,1558252800,29,175,146,204,20,-0.6429999959216153,-1.1430278445503403
R013,1558267200,221,619,398,840,20,0.262573985378889,-0.4266290181063724
R013,1558281600,502,899,397,1401,20,0.25898043783404573,0.2052888146531653
R013,1558296000,546,735,189,1281,20,-0.48847745149335464,0.07011922475807704
R013,1558310400,260,305,45,565,20,-1.0059482979507857,-0.7363926616159497
R013,1558324800,34,62,28,96,20,-1.0670386062131214,-1.2646804754559198
R013,1558339200,355,509,154,864,20,-0.6142516155628691,-0.3995951001273547
R013,1558353600,580,1105,525,1685,20,0.7189545235739844,0.5251901774048743
R013,1558368000,588,955,367,1543,20,0.1511740114887476,0.3652394960290198
R013,1558382400,1140,2027,887,3167,20,2.0198187348072483,2.1945346126092145
R013,1558396800,331,454,123,785,21,-0.6396127141405965,-0.28985491657011997
R013,1558411200,55,62,7,117,21,-1.0984882457257965,-1.0975151679696198
R013,1558425600,339,542,203,881,21,-0.32314683028873453,-0.1737839822372577
R013,1558440000,574,1199,625,1773,21,1.3462107070298375,0.9047084492722542
R013,1558454400,581,1062,481,1643,21,0.7765721160964859,0.7475290590298366
R013,1558454796,28,25,-3,53,21,-1.1380464812072792,-1.1748957908581947
R013,1558468800,1189,2082,893,3271,21,2.4063714179335753,2.715898653757959
R013,1558483200,452,596,144,1048,21,-0.5565404196294828,0.028131080612617296
R013,1558497600,66,79,13,145,21,-1.0747533044369069,-1.0636611454558684
R013,1558512000,319,559,240,878,21,-0.1767813590072484,-0.17741119893515964
R013,1558526400,574,1185,611,1759,21,1.2908291773557616,0.8877814380153785
R013,1558540800,568,1051,483,1619,21,0.7844837631927825,0.718511325446621
R013,1558555200,1150,2168,1018,3318,21,2.9008493614521096,2.772725048691756
R013,1558569600,353,587,234,940,21,-0.20051630029613804,-0.10244872051185276
R013,1558584000,56,40,-16,96,21,-1.1894721873332068,-1.1229056848549335
R013,1558598400,336,516,180,852,21,-0.4141307718961449,-0.20884707698364316
R013,1558612800,599,1131,532,1730,21,0.9783191170520479,0.852718343268993
R013,1558627200,586,1147,561,1733,21,1.093037999948348,0.8563455599668949
R013,1558641600,1221,1812,591,3033,21,1.2117127063927962,2.4281394623910715
R013,1558656000,363,588,225,951,21,-0.2361187122294725,-0.08914892595287896
R013,1558670400,46,80,34,126,21,-0.991681009925793,-1.0866335178759141
R013,1558684800,311,536,225,847,21,-0.2361187122294725,-0.21489243814681308
R013,1558687200,42,207,165,249,21,-0.473468125118369,-0.9379176332619342
R013,1558688979,36,189,153,225,21,-0.5209380076961483,-0.9669353668451498
R013,1558699200,421,1039,618,1460,21,1.3185199421927996,0.5262688404578179
R013,1558713600,760,1488,728,2248,21,1.7536605324891097,1.4790177597733956
R013,1558728000,704,1377,673,2081,21,1.5360902373409546,1.2771026969235206
R013,1558742400,343,514,171,857,21,-0.44973318382947935,-0.20280171582047327
R013,1558756800,83,102,19,185,21,-1.0510183631480172,-1.015298256150509
R013,1558771200,41,199,158,240,21,-0.5011588899554069,-0.9487992833556401
R013,1558785600,242,485,243,727,21,-0.16491388836280357,-0.3599811060628909
R013,1558800000,383,757,374,1140,21,0.3532989964446205,0.13936572601494362
R013,1558814400,468,751,283,1219,21,-0.0066809464368725625,0.2348824323930282
R013,1558828800,256,446,190,702,21,-0.37457253641466215,-0.39020791187874043
R013,1558843200,83,82,-1,165,21,-1.1301348341109827,-1.0394797008031889
R013,1558857600,26,141,115,167,21,-0.6712593025257828,-1.0370615563379209
R013,1558872000,249,516,267,765,21,-0.06997412320724496,-0.3140363612227996
R013,1558886400,474,770,296,1244,21,0.04474475968905501,0.2651092382088778
R013,1558900800,486,686,200,1172,21,-0.3350143009331794,0.17805603745923104
R013,1558915200,259,252,-7,511,21,-1.1538697753998723,-0.621140708311831
R013,1558929600,42,52,10,94,21,-1.0866207750813517,-1.1253238293202015
R013,1558944000,31,171,140,202,21,-0.5723637138220758,-0.9947440281957314
R013,1558958400,218,424,206,642,21,-0.3112793596442897,-0.4627522458367794
R013,1558972800,410,766,356,1176,21,0.2820941725779515,0.182892326389767
R013,1558987200,497,547,50,1044,21,-0.9283878331554206,0.023294791682081366
R013,1559001600,225,203,-22,428,22,-1.2362495887786862,-0.8402817754999646
R013,1559016000,26,55,29,81,22,-1.0587665714084487,-1.2126445399166663
R013,1559030400,355,508,153,863,22,-0.6272392350572825,-0.37348695555395534
R013,1559044800,595,1090,495,1685,22,0.5629409990725465,0.5085942904129864
R013,1559059200,537,989,452,1526,22,0.4132984550152873,0.33797273553616924
R013,1559073600,1200,1931,731,3131,22,1.384234961805411,2.0602846574059277
R013,1559088000,339,477,138,816,22,-0.6794401225191171,-0.42392225793892646
R013,1559102400,42,70,28,112,22,-1.0622466305725708,-1.1793787021733875
R013,1559116800,337,550,213,887,22,-0.41843568520994406,-0.3477327585914169
R013,1559131200,531,1171,640,1702,22,1.067549577870281,0.5268368465947845
R013,1559145600,576,1160,584,1736,22,0.8726662646794319,0.5633219589583807
R013,1559160000,1352,2118,766,3470,22,1.5060370325496917,2.424062689501783
R013,1559174400,379,393,14,772,22,-1.1109674588702831,-0.4711382857035803
R013,1559188800,43,50,7,93,22,-1.1353278730191394,-1.1997674414353972
R013,1559203200,351,503,152,854,22,-0.6307192942214048,-0.38314477941490727
R013,1559217600,547,1175,628,1722,22,1.0257888679008134,0.5482986773968999
R013,1559232000,566,1090,524,1656,22,0.6638627148320934,0.4774746357499191
R013,1559246400,1358,2196,838,3554,22,1.7566012923664978,2.5142023788706678
R013,1559260800,422,442,20,864,22,-1.0900871038855493,-0.37241386401384957
R013,1559275200,56,62,6,118,22,-1.1388079321832616,-1.172940152932753
R013,1559289600,327,499,172,826,22,-0.5611181109389587,-0.41319134253786877
R013,1559304000,487,1337,850,1824,22,1.7983620023359657,0.6577540144876882
R013,1559318400,717,1192,475,1909,22,0.4933398157901004,0.7489667953966785
R013,1559332800,985,1863,878,2848,22,1.8958036589313902,1.7565997515559952
R013,1559347200,379,573,194,952,22,-0.4845568093282679,-0.27798180848454196
R013,1559361600,90,109,19,199,22,-1.0935671630496717,-1.0860197381841856
R013,1559376000,47,210,163,257,22,-0.5924386434160595,-1.0237804288580512
R013,1559390400,250,658,408,908,22,0.2601758517939058,-0.32519783624919574
R013,1559404800,383,861,478,1244,22,0.5037799932824673,0.03536092122634248
R013,1559419200,487,813,326,1300,22,-0.025188999664123374,0.09545404747226552
R013,1559433600,288,425,137,713,22,-0.6829201816832394,-0.5344506865698206
R013,1559448000,100,114,14,214,22,-1.1109674588702831,-1.0699233650825992
R013,1559462400,28,134,106,162,22,-0.7908020157710309,-1.1257241251680992
R013,1559476800,232,660,428,892,22,0.3297770350763519,-0.34236730089088807
R013,1559491200,467,896,429,1363,22,0.3332570942404742,0.16305881449892895
R013,1559505600,486,741,255,1227,22,-0.2722732003168072,0.017118365044544417
R013,1559520000,269,307,38,576,22,-1.0274460389313478,-0.6814642275643109
R013,1559534400,40,69,29,109,22,-1.0587665714084487,-1.182597976793705
R013,1559548800,295,470,175,765,22,-0.5506779334465918,-0.47864992648432064
R013,1559563200,591,1263,672,1854,22,1.1789114711221949,0.6899467606908614
R013,1559577600,520,925,405,1445,22,0.24973567430153887,0.251052320787602
R013,1559592000,1129,2078,949,3207,22,2.142887859584074,2.141839614453966
R013,1559606400,332,286,-46,618,23,-1.0325032961454625,-0.5499902318441426
R013,1559620800,44,17,-27,61,23,-0.9726849695646524,-1.1566703282116395
R013,1559635200,316,480,164,796,23,-0.37135337077861347,-0.35611400715219577
R013,1559649600,572,1175,603,1747,23,1.010764806535895,0.679707844994105
R013,1559664000,514,1038,524,1552,23,0.7620465012788421,0.4673153516518036
R013,1559678400,1164,1789,625,2953,23,1.0800281320505172,1.993273726895723
R013,1559692800,279,376,97,655,23,-0.5822916803004177,-0.5096901177227829
R013,1559707200,80,15,-65,95,23,-1.0923216227262726,-1.1196377909109305
R013,1559721600,339,504,165,843,23,-0.3682050378006761,-0.30492197029533336
R013,1559736000,571,1183,612,1754,23,1.0390998033373313,0.6873321909089569
R013,1559750400,519,1010,491,1529,23,0.6581515130069087,0.4422639293601475
R013,1559764800,1194,1988,794,3182,23,1.6120964053219338,2.242698757538734
R013,1559779200,383,345,-38,728,23,-1.0073166323219636,-0.4301790817536137
R013,1559793600,41,29,-12,70,23,-0.9254599748955917,-1.1468675977496872
R013,1559808000,401,437,36,838,23,-0.7743399919545977,-0.3103679316630847
R013,1559822400,682,1230,548,1912,23,0.8376064927493392,0.8594245701298985
R013,1559836800,560,1082,522,1642,23,0.7557498353229674,0.5653426562713273
R013,1559851200,1183,2138,955,3321,23,2.1189780147698514,2.3940964835622203
R013,1559865600,366,396,30,762,23,-0.7932299898222219,-0.3931465444529047
R013,1559880000,46,34,-12,80,23,-0.9254599748955917,-1.1359756750141845
R013,1559894400,351,480,129,831,23,-0.48154502500642166,-0.3179922775779365
R013,1559908800,582,1101,519,1683,23,0.7463048363891552,0.6099995394868881
R013,1559923200,707,1295,588,2002,23,0.9635398118668342,0.9574518747494223
R013,1559937600,870,1841,971,2711,23,2.1693513424168493,1.7296891966965593
R013,1559952000,350,325,-25,675,23,-0.9663883036087776,-0.4879062722517777
R013,1559966400,54,38,-16,92,23,-0.9380533068073412,-1.1229053677315814
R013,1559980800,56,193,137,249,23,-0.4563583611829226,-0.95190218078419
R013,1559995200,204,478,274,682,23,-0.02503674320550203,-0.4802819263369258
R013,1560009600,375,632,257,1007,23,-0.07855840383043743,-0.1262944374330901
R013,1560024000,393,624,231,1017,23,-0.1604150612568092,-0.11540251469758747
R013,1560038400,288,237,-51,525,23,-1.0482449610351494,-0.6512851132843173
R013,1560052800,61,36,-25,97,23,-0.9663883036087776,-1.1174594063638301
R013,1560067200,37,116,79,153,23,-0.6389616739032905,-1.0564646390450152
R013,1560081600,179,397,218,576,23,-0.20134338996999512,-0.5957363073332538
R013,1560096000,404,603,199,1007,23,-0.2611617165508053,-0.1262944374330901
R013,1560110400,356,559,203,915,23,-0.24856838463905576,-0.22650012659971436
R013,1560124800,241,149,-92,390,23,-1.177326613130582,-0.7983260702136028
R013,1560139200,23,21,-2,44,23,-0.893976645116218,-1.1751865968619941
R013,1560153600,343,463,120,806,23,-0.5098800218078581,-0.3452220844166931
R013,1560168000,590,1108,518,1698,23,0.7431565034112179,0.6263374235901421
R013,1560182400,544,1072,528,1616,23,0.7746398331905916,0.5370236571590205
R013,1560196800,1067,2183,1116,3250,23,2.625859624217769,2.316763832140152
R013,1560211200,287,413,126,700,24,-0.9119546508140406,-0.7511331311905346
R013,1560225600,45,69,24,114,24,-1.2290211165423137,-1.3651369880381765
R013,1560240000,388,547,159,935,24,-0.8093743236666581,-0.5049029155605076
R013,1560254400,560,1181,621,1741,24,0.6267502563966968,0.3396143346429043
R013,1560268800,531,1012,481,1543,24,0.1915609897108317,0.13215228062271134
R013,1560283200,1186,2150,964,3336,24,1.6929639597770663,2.010836436472237
R013,1560297600,406,613,207,1019,24,-0.6601665750886472,-0.41688871082466816
R013,1560312000,67,83,16,150,24,-1.2538890746386488,-1.3274166145799597
R013,1560326400,384,523,139,907,24,-0.8715442189074959,-0.5342409838057874
R013,1560340800,575,1278,703,1853,24,0.8816468268841321,0.4569666076240236
R013,1560355200,557,1074,517,1631,24,0.3034668011443399,0.2243576379650193
R013,1560369600,1236,2085,849,3321,24,1.3354870621422485,1.99511961419798
R013,1560384000,348,615,267,963,24,-0.47365688936613354,-0.47556484731522775
R013,1560398400,33,78,45,111,24,-1.163742726539434,-1.368280352493028
R013,1560412800,366,491,125,857,24,-0.9150631455760825,-0.5866303913866442
R013,1560427200,566,1167,601,1733,24,0.564580361155859,0.3312320294299672
R013,1560441600,526,1080,554,1606,24,0.4184811073398899,0.1981629341745909
R013,1560456000,1119,2072,953,3191,24,1.6587705173946055,1.858907154487752
R013,1560470400,384,644,260,1028,24,-0.49541635270042683,-0.4074586174601139
R013,1560484800,53,89,36,142,24,-1.191719179397811,-1.3357989197928968
R013,1560499200,311,496,185,807,24,-0.7285534598535688,-0.639019798967501
R013,1560513600,474,1139,665,1613,24,0.7635240259265401,0.20549745123591087
R013,1560528000,724,1251,527,1975,24,0.3345517487647588,0.5847967621213143
R013,1560542400,844,1885,1041,2729,24,1.932318056454292,1.374829028440635
R013,1561161600,8164,9567,1403,17731,25,3.0811894380508864,4.049798111013618
R013,1561176000,61,58,-3,119,25,-0.658080836150314,-0.4162048317463486
R013,1561190400,45,147,102,192,25,-0.37883234483372363,-0.3976936907730646
R013,1561204800,238,441,203,679,25,-0.11022189128157484,-0.2742015585266358
R013,1561219200,324,583,259,907,25,0.03871063742060667,-0.2163859401443242
R013,1561233600,403,466,63,869,25,-0.4825532130370286,-0.22602187654137612
R013,1561248000,275,204,-71,479,25,-0.83892747814582,-0.3249170132479618
R013,1561262400,59,32,-27,91,25,-0.7219090627369632,-0.42330499540733424
R013,1561276800,19,93,74,112,25,-0.4532986091848144,-0.417979872661595
R013,1561291200,228,483,255,711,25,0.028072599656165133,-0.26608708577122364
R013,1561305600,450,595,145,1045,25,-0.26447343886597713,-0.18139227638660926
R013,1561320000,494,486,-8,980,25,-0.6713783833558659,-0.1978747991710402
R013,1561334400,293,177,-116,470,25,-0.9586054029957873,-0.32719920871042146
R013,1561348800,35,18,-17,53,25,-0.6953139683258593,-0.43294093180438614
R013,1561363200,309,485,176,794,25,-0.1820286461915552,-0.24504017206187337
R013,1561377600,592,1153,561,1745,25,0.8418824886359426,-0.0038881848619683065
R013,1561392000,510,997,487,1507,25,0.6450787899937742,-0.06423957598034623
R013,1561406400,1144,2058,914,3202,25,1.7806893213479082,0.36557390278289154
R013,1561420800,329,469,140,798,26,-0.6862867546590167,-0.4716458037103147
R013,1561435200,37,68,31,105,26,-1.0493351441701073,-1.2684720611280313
R013,1561449600,392,480,88,872,26,-0.8594841514899957,-0.3865590172039496
R013,1561464000,628,1180,552,1808,26,0.6859695433095094,0.6896738499576417
R013,1561478400,567,962,395,1529,26,0.16304663364674585,0.36887366839985963
R013,1561492800,1128,2041,913,3169,26,1.888359163616883,2.2545808288111946
R013,1561507200,412,608,196,1020,26,-0.49976648114873157,-0.21638544419121936
R013,1561521600,82,87,5,169,26,-1.135933842585597,-1.1948834890144182
R013,1561536000,379,479,100,858,26,-0.8195155214520774,-0.4026565173538025
R013,1561550400,544,1134,590,1678,26,0.8125368717629172,0.5401970628518651
R013,1561564800,577,1041,464,1618,26,0.39286625636477573,0.47120777649535284
R013,1561579200,1115,2218,1103,3333,26,2.521195805883922,2.4431515448523284
R013,1561593600,376,625,249,1001,26,-0.32323836514792603,-0.23823205153744825
R013,1561608000,57,99,42,156,26,-1.0126972333020157,-1.209831167724996
R013,1561622400,306,472,166,778,26,-0.5996880562435272,-0.4946422324958188
R013,1561636800,562,1192,630,1754,26,0.945765638555978,0.6275834922367807
R013,1561651200,587,1045,458,1632,26,0.3728819413458166,0.4873052766452057
R013,1561665600,1142,2076,934,3218,26,1.95830426618324,2.31092207933568
R013,1561680000,385,680,295,1065,26,-0.1700252833359061,-0.16464347942383517
R013,1561694400,45,87,42,132,26,-1.0126972333020157,-1.237426882267601
R013,1561708800,277,504,227,781,26,-0.39651418688410944,-0.4911927681779932
R013,1561723200,445,1250,805,1695,26,1.528641493275619,0.5597440273195435
R013,1561737600,694,1242,548,1936,26,0.6726466666302033,0.8368509941848679
R013,1561752000,891,1801,910,2692,26,1.8783670061074036,1.7061160022769224
R013,1561766400,388,576,188,964,26,-0.5264122345073438,-0.2807754447906308
R013,1561780800,111,112,1,223,26,-1.1492567192649028,-1.1327931312935573
R013,1561795200,75,160,85,235,26,-0.8694763089994753,-1.1189952740222548
R013,1561809600,267,518,251,785,26,-0.316576926808273,-0.4865934824208924
R013,1561824000,385,755,370,1140,26,0.07977865440108287,-0.07840687147819483
R013,1561838400,386,691,305,1077,26,-0.13671809163764093,-0.15084562215253272
R013,1561852800,307,432,125,739,26,-0.7362475422064144,-0.5394852686275518
R013,1561867200,90,103,13,193,26,-1.1092880892269847,-1.1672877744718133
R013,1561881600,99,159,60,258,26,-0.9527442882451382,-1.092549380918925
R013,1561896000,238,635,397,873,26,0.1697080719863989,-0.3854091957646744
R013,1561910400,489,875,386,1364,26,0.1330701611183072,0.17915313091945093
R013,1561924800,493,712,219,1205,26,-0.42315994024272163,-0.0036684779253065543
R013,1561939200,331,425,94,756,26,-0.8394998364710365,-0.5199383041598733
R013,1561953600,99,91,-8,190,26,-1.1792331917933416,-1.1707372387896389
R013,1561968000,280,515,235,795,26,-0.3698684335254973,-0.47509526802814034
R013,1561982400,510,1041,531,1551,26,0.6160244407431525,0.39416974006391414
R013,1561996800,537,969,432,1506,26,0.2862832429303271,0.34242777529652996
R013,1562011200,1063,2030,967,3093,26,2.068217998787515,2.1671943994262794
R013,1562025600,287,478,191,765,27,-0.16074782540537536,-0.1601393491913561
R013,1562040000,51,84,33,135,27,-0.6898760840314025,-0.968595362906197
R013,1562054400,305,493,188,798,27,-0.17079456449321131,-0.11779165323486446
R013,1562057393,102,259,157,361,27,-0.2746108684008496,-0.6785778087799207
R013,1562068800,541,1139,598,1680,27,1.2022597775110366,1.0140467659659127
R013,1562083200,539,1023,484,1562,27,0.8204836921732701,0.8626216713336091
R013,1562097600,1073,2088,1015,3161,27,2.598756510720235,2.9145600299527046
R013,1562112000,393,533,140,926,27,-0.3315423898985867,0.04646607653576986
R013,1562126400,94,61,-33,155,27,-0.9109043439637937,-0.9429300926295353
R013,1562140800,256,500,244,756,27,0.016744565146393265,-0.17168872081585385
R013,1562155200,453,1104,651,1557,27,1.379752168062805,0.8562053537644437
R013,1562169600,696,1774,1078,2470,27,2.80973803156479,2.027824941894046
R013,1562184000,911,1682,771,2593,27,1.7816217315762435,2.1856663540955155
R013,1562198400,342,485,143,827,27,-0.3214956508107507,-0.08057701133370512
R013,1562212800,93,101,8,194,27,-0.7735989097633689,-0.8928828155900451
R013,1562227200,34,211,177,245,27,-0.2076326078152765,-0.827436376384558
R013,1562241600,225,557,332,782,27,0.3114489117229148,-0.13832386945619377
R013,1562256000,384,619,235,1003,27,-0.013395652117114614,0.14527736710091707
R013,1562270400,462,544,82,1006,27,-0.5257793455967485,0.1491271576424163
R013,1562284800,158,253,95,411,27,-0.48224347621612607,-0.6144146330882667
R013,1562299200,29,62,33,91,27,-0.6898760840314025,-1.0250589575148525
R013,1562313600,138,314,176,452,27,-0.21098152084455515,-0.5618008290211104
R013,1562328000,312,739,427,1051,27,0.6295956495043868,0.20687401576490494
R013,1562342400,461,868,407,1329,27,0.5626173889188137,0.5636212726105013
R013,1562356800,517,1069,552,1586,27,1.0482097781642186,0.893419995665603
R013,1562371200,284,240,-44,524,27,-0.9477423872858589,-0.4694058560251286
R013,1562385600,52,25,-27,77,27,-0.8908108657881217,-1.0430246467085156
R013,1562400000,43,106,63,149,27,-0.589408693153043,-0.9506296737125338
R013,1562414400,260,360,100,620,27,-0.4654989110697328,-0.34621255869715284
R013,1562428800,271,377,106,648,27,-0.44540543289406087,-0.31028118030982654
R013,1562443200,325,325,0,650,27,-0.8003902139975981,-0.3077146532821604
R013,1562457600,233,140,-93,373,27,-1.111839125720513,-0.6631786466139238
R013,1562472000,50,44,-6,94,27,-0.8204836921732701,-1.0212091669733532
R013,1562486400,30,68,38,98,27,-0.6731315188850093,-1.016076112918021
R013,1562500800,214,335,121,549,27,-0.3951717374548811,-0.43732426817930153
R013,1562515200,315,386,71,701,27,-0.5626173889188137,-0.2422682140766733
R013,1562529600,373,254,-119,627,27,-1.1989108644817579,-0.33722971410032127
R013,1562544000,243,120,-123,363,27,-1.2123065165988725,-0.6760112817522546
R013,1562558400,36,13,-23,49,27,-0.8774152136710072,-1.0789560250958419
R013,1562572800,316,472,156,788,27,-0.2779597814301282,-0.13062428837319526
R013,1562587200,505,1119,614,1624,27,1.255842385979495,0.9421840091912601
R013,1562601600,468,862,394,1330,27,0.5190815195381913,0.5649045361243344
R013,1562616000,1118,1983,865,3101,27,2.096419556328437,2.83756421912272
R013,1562630400,277,413,136,690,28,-0.6013314079337285,-0.49189305661109917
R013,1562644800,33,63,30,96,28,-0.9634479273603428,-1.1552666430932712
R013,1562659200,341,502,161,843,28,-0.5159265684463195,-0.32102410251720637
R013,1562673600,529,1253,724,1782,28,1.4073904168101319,0.7276422235884495
R013,1562688000,510,929,419,1439,28,0.3654513750637417,0.3445830650642323
R013,1562702400,1147,1995,848,3142,28,1.8309984206676808,2.246477371089719
R013,1562716800,410,525,115,935,28,-0.6730714731031522,-0.21827937195094402
R013,1562731200,58,47,-11,105,28,-1.1035118641196937,-1.1452155281465717
R013,1562745600,344,533,189,877,28,-0.4202731482204214,-0.2830532238296746
R013,1562760000,534,1167,633,1701,28,1.0965168010759632,0.6371821890681534
R013,1562774400,529,992,463,1521,28,0.5157638925615816,0.4361598901341618
R013,1562788800,1092,2023,931,3115,28,2.114542487765879,2.2163240262496204
R013,1562803200,348,541,193,889,28,-0.4066083739024359,-0.26965173723407515
R013,1562817600,52,86,34,138,28,-0.9497831530423574,-1.1083614400086732
R013,1562832000,328,494,166,822,28,-0.4988456005488377,-0.34447670405950537
R013,1562846400,524,1111,587,1635,28,0.9393718964191304,0.5634740127923564
R013,1562860800,586,1037,451,1623,28,0.4747695696076253,0.5500725261967571
R013,1562875200,1247,2266,1019,3513,28,2.4151675227615583,2.6608066650036686
R013,1562889600,413,482,69,895,28,-0.8302163777599848,-0.26295099393627547
R013,1562904000,50,54,4,104,28,-1.0522689604272482,-1.1463323186962049
R013,1562918400,279,462,183,741,28,-0.44077030969739955,-0.4349367385798016
R013,1562932800,472,1093,621,1565,28,1.0555224781220067,0.4852986743180264
R013,1562947200,655,1219,564,1874,28,0.8607994440907141,0.8303869541547119
R013,1562961600,901,1799,898,2700,28,2.0018080996424987,1.7528559481518065
R013,1562976000,387,611,224,998,28,-0.30070637293804875,-0.14792156732404696
R013,1562990400,78,82,4,160,28,-1.0522689604272482,-1.0837920479167409
R013,1563004800,40,198,158,238,28,-0.5261751491848086,-0.9966823850453446
R013,1563019200,266,509,243,775,28,-0.23579869492761787,-0.39696585989226985
R013,1563033600,363,568,205,931,28,-0.3656140509484796,-0.22274653414947715
R013,1563048000,367,612,245,979,28,-0.22896630776862514,-0.1691405877670794
R013,1563062400,114,200,86,314,28,-0.7721410869085467,-0.9118063032732149
R013,1563076800,28,27,-1,55,28,-1.06934992832473,-1.201055055628236
R013,1563091200,33,146,113,179,28,-0.6799038602621449,-1.0625730274737084
R013,1563105600,229,439,210,668,28,-0.3485330830509978,-0.5164624487030315
R013,1563120000,415,550,135,965,28,-0.6047476015132249,-0.1847756554619454
R013,1563134400,445,578,133,1023,28,-0.6115799886722176,-0.1200018035832148
R013,1563148800,238,234,-4,472,28,-1.0795985090632192,-0.7353533964311556
R013,1563163200,30,59,29,89,28,-0.9668641209398392,-1.1630841769407043
R013,1563177600,321,489,168,810,28,-0.492013213389845,-0.3578781906551048
R013,1563192000,565,1143,578,1708,28,0.9086261542036632,0.6449997229155864
R013,1563206400,527,849,322,1376,28,0.03408059785259467,0.2742252604373353
R013,1563220800,1082,1912,830,2994,28,1.7695069362367462,2.0811923697439925
R013,1563235200,298,534,236,832,29,-0.2683490464843722,-0.34121146340657094
R013,1563249600,53,82,29,135,29,-1.006474776631899,-1.1376638598051951
R013,1563264000,341,544,203,885,29,-0.38602126433397793,-0.28064908606205574
R013,1563278400,555,1142,587,1697,29,0.9832554524614342,0.6472122423105164
R013,1563292800,536,990,454,1526,29,0.5090007562796899,0.4518128738970807
R013,1563307200,1131,2046,915,3177,29,2.152845981390849,2.3383880624969784
R013,1563321600,404,535,131,939,29,-0.6427606487331177,-0.21894402235254973
R013,1563336000,55,79,24,134,29,-1.024303900548506,-1.138806546170186
R013,1563350400,308,515,207,823,29,-0.3717579652006924,-0.35149564069148864
R013,1563364800,531,1124,593,1655,29,1.0046504011613626,0.5992194149809007
R013,1563379200,538,898,360,1436,29,0.17381322664747964,0.34897110104790396
R013,1563393600,1129,2093,964,3222,29,2.327571395773597,2.389808948921566
R013,1563408000,512,564,52,1076,29,-0.9244608066155072,-0.06239599034880293
R013,1563422400,43,46,3,89,29,-1.099186220998255,-1.1902274325947744
R013,1563435494,43,320,277,363,29,-0.12215023036819538,-0.8771313685872808
R013,1563436800,324,480,156,804,29,-0.5536150291500831,-0.3732066816263148
R013,1563451200,604,1149,545,1753,29,0.833490811561936,0.7112026787500042
R013,1563465600,514,1035,521,1549,29,0.7479110167622227,0.4780946602918703
R013,1563480000,1167,1834,667,3001,29,1.268521435127145,2.137275262258588
R013,1563494400,489,648,159,1137,29,-0.5429175548001189,0.007307877915639071
R013,1563508800,72,81,9,153,29,-1.0777912722983267,-1.1170955052353597
R013,1563523200,273,491,218,764,29,-0.3325338925841571,-0.4189141362259489
R013,1563537600,496,1029,533,1525,29,0.7907009141620794,0.4506701875320898
R013,1563552000,668,1284,616,1952,29,1.0866643711777544,0.9385972653831839
R013,1563566400,826,1872,1046,2698,29,2.6199690280059507,1.7910412936663598
R013,1563580800,412,654,242,1066,29,-0.24695409778444388,-0.07382285399871145
R013,1563595200,89,119,30,208,29,-1.0029089518485776,-1.0542477551608629
R013,1563609600,43,213,170,256,29,-0.5036934821835837,-0.999398809641302
R013,1563624000,212,522,310,734,29,-0.0044780125185896425,-0.4531947271756745
R013,1563638400,336,553,217,889,29,-0.3360997173674785,-0.27607834060209235
R013,1563652800,345,562,217,907,29,-0.3360997173674785,-0.255509986032257
R013,1563667200,266,329,63,595,29,-0.885236733998972,-0.612028131909403
R013,1563681600,64,70,6,134,29,-1.0884887466482909,-1.138806546170186
R013,1563696000,27,139,112,166,29,-0.710511319616224,-1.1022405824904786
R013,1563710400,202,379,177,581,29,-0.47873270870033396,-0.6280257410192749
R013,1563724800,398,523,125,921,29,-0.664155597433046,-0.23951237692238506
R013,1563739200,451,599,148,1050,29,-0.5821416274166541,-0.0921058358385651
R013,1563753600,254,249,-5,503,29,-1.1277128192648262,-0.7171552774885614
R013,1563768000,31,48,17,79,29,-1.0492646740317557,-1.2016542962446828
R013,1563782400,320,515,195,835,29,-0.414547862600549,-0.33778340431159837
R013,1563796800,551,1135,584,1686,29,0.97255797811147,0.6346426922956171
R013,1563811200,490,911,421,1401,29,0.3913285384300842,0.3089770782732241
R013,1563825600,1215,2065,850,3280,29,1.9210673704749588,2.456084758091036
R013,1563840000,301,317,16,618,30,-0.8936413371151729,-0.5575818549735606
R013,1563854400,54,56,2,110,30,-0.9373205645651913,-1.1266866415079986
R013,1563868800,347,451,104,798,30,-0.6190861931436286,-0.35593055265820867
R013,1563883200,521,1179,658,1700,30,1.1093632359499577,0.6545665289442775
R013,1563897600,536,964,428,1500,30,0.39177592784251214,0.4305095263716641
R013,1563912000,1084,2065,981,3149,30,2.11710541211824,2.277859512582861
R013,1563926400,477,456,-21,933,30,-1.009079295375936,-0.20469207592169467
R013,1563940800,67,73,6,140,30,-0.9248407852937575,-1.0930780911221065
R013,1563955200,329,472,143,801,30,-0.49740834524714866,-0.3525696976196195
R013,1563969600,533,1205,672,1738,30,1.153042463399976,0.697137359433074
R013,1563984000,528,950,422,1478,30,0.3730562589353614,0.4058632560886766
R013,1563998400,1100,2168,1068,3268,30,2.388540611271926,2.411173429113566
R013,1564012800,373,590,217,963,30,-0.26653242872562266,-0.17108352553580267
R013,1564027200,67,87,20,154,30,-0.8811615578437391,-1.0773941009420236
R013,1564041600,313,516,203,829,30,-0.3102116561756411,-0.3212017172594536
R013,1564056000,565,1155,590,1720,30,0.8972069883355825,0.6769722292015388
R013,1564070400,499,1050,551,1549,30,0.7755291404391026,0.4854034920019544
R013,1564084800,1219,2129,910,3348,30,1.8955893300502893,2.5007962301426114
R013,1564099200,428,632,204,1060,30,-0.3070917113577826,-0.062415879288085216
R013,1564113600,86,87,1,173,30,-0.9404405093830498,-1.0561086856976254
R013,1564128000,271,445,174,716,30,-0.4006900558935364,-0.44779392371298016
R013,1564142400,497,1028,531,1525,30,0.7131302440819334,0.45851665169324074
R013,1564156800,629,1238,609,1867,30,0.9564859398748932,0.8416541260924095
R013,1564171200,859,1858,999,2717,30,2.1732644188396923,1.7938963870260163
R013,1564185600,397,497,100,894,30,-0.6315659724150624,-0.24838319142335427
R013,1564200000,88,99,11,187,30,-0.9092410612044652,-1.0404246955175425
R013,1564214400,46,121,75,167,30,-0.7095645928615238,-1.0628303957748038
R013,1564228800,227,321,94,548,30,-0.6502856413222131,-0.6360018058739754
R013,1564243200,324,495,171,819,30,-0.4100498903471118,-0.33240456738808427
R013,1564257600,351,478,127,829,30,-0.547327462332884,-0.3212017172594536
R013,1564272000,260,266,6,526,30,-0.9248407852937575,-0.6606480761569627
R013,1564286400,65,78,13,143,30,-0.9030011715687483,-1.0897172360835172
R013,1564300800,25,119,94,144,30,-0.6502856413222131,-1.0885969510706541
R013,1564315200,210,406,196,616,30,-0.3320512699006503,-0.5598224249992868
R013,1564329600,339,538,199,877,30,-0.32269143544707496,-0.2674280366420264
R013,1564344000,402,529,127,931,30,-0.547327462332884,-0.2069326459474208
R013,1564358400,250,180,-70,430,30,-1.1619565914510004,-0.7681954373918172
R013,1564372800,39,56,17,95,30,-0.8905213922973144,-1.1434909167009446
R013,1564387200,296,489,193,785,30,-0.3414111043542257,-0.37049425782542855
R013,1564401600,547,1121,574,1668,30,0.8472878712498472,0.6187174085326593
R013,1564416000,482,890,408,1372,30,0.329377031485343,0.28711304472519156
R013,1564430400,1048,1927,879,2975,30,1.798871040696677,2.082929920344687
R013,1564444800,290,412,122,702,31,-0.5466279263218741,-0.4318945277983385
R013,1564459200,44,90,46,134,31,-0.7599278873031975,-1.0334051737880148
R013,1564473600,318,527,209,845,31,-0.302455602566938,-0.28045786868474043
R013,1564488000,540,1202,662,1742,31,0.9689244280191084,0.6694629930278294
R013,1564502400,536,968,432,1504,31,0.32341138820720844,0.41742156037722555
R013,1564516800,1132,2006,874,3138,31,1.5639190560196423,2.147823665213724
R013,1564531200,355,543,188,898,31,-0.36139374968019844,-0.224330995027253
R013,1564545600,41,94,53,135,31,-0.740281838265444,-1.0323461761718358
R013,1564560000,336,538,202,874,31,-0.32210165160469145,-0.2497469378155492
R013,1564574400,552,1182,630,1734,31,0.8791139181322354,0.6609910120983973
R013,1564588800,620,968,348,1588,31,0.08765879975416674,0.5063773601362622
R013,1564603200,1217,1989,772,3206,31,1.2776480557552345,2.2198355031138965
R013,1564617600,346,465,119,811,31,-0.5550476616237684,-0.3164637876348267
R013,1564632000,43,99,56,142,31,-0.7318621029635497,-1.0249331928585828
R013,1564646400,300,601,301,901,31,-0.04425038664217803,-0.221154002178716
R013,1564660800,505,1133,628,1638,31,0.8735007612643058,0.5593272409452126
R013,1564675200,517,1080,563,1597,31,0.6910731630565949,0.5159083386818732
R013,1564683561,686,206,-480,892,31,-2.2361881435686732,-0.23068498072432705
R013,1564683642,10,0,-10,10,31,-0.9170962796052253,-1.1647208781942118
R013,1564683722,19,0,-19,19,31,-0.9423554855109084,-1.1551898996486007
R013,1564683803,9,9,0,18,31,-0.8890304952655775,-1.1562488972647798
R013,1564683884,6,5,-1,11,31,-0.8918370736995423,-1.1636618805780328
R013,1564683964,10,5,-5,15,31,-0.9030633874354014,-1.1594258901133168
R013,1564689600,883,2067,1184,2950,31,2.4339583705487247,1.9487321133720705
R013,1564704000,347,606,259,953,31,-0.16212668086869889,-0.1660861261374076
R013,1564718400,73,89,16,162,31,-0.844125240322141,-1.0037532405350027
R013,1564732800,279,464,185,743,31,-0.36981348498209277,-0.3884756255349992
R013,1564747200,462,1087,625,1549,31,0.8650810259624114,0.4650764531052809
R013,1564761600,615,1245,630,1860,31,0.8791139181322354,0.7944247117369523
R013,1564776000,805,1719,914,2524,31,1.6761821933782335,1.4975991288798134
R013,1565395200,9158,8750,-408,17908,32,-2.2420586326121112,4.061083965277291
R013,1565409600,50,58,8,108,32,-0.6036732475238424,-0.4068405002556957
R013,1565424000,44,115,71,159,32,-0.3555523839167249,-0.3940391436409663
R013,1565438400,228,374,146,602,32,-0.06017040343206111,-0.28284304598753296
R013,1565452800,332,573,241,905,32,0.3139801051818463,-0.20678792727649395
R013,1565467200,399,526,127,925,32,-0.1350005051548426,-0.20176778742758048
R013,1565481600,238,239,1,477,32,-0.6312422323690777,-0.31421892004324214
R013,1565496000,70,51,-19,121,32,-0.7100107604983213,-0.4035774093539019
R013,1565510400,29,112,83,141,32,-0.3082912670391787,-0.39855726950498843
R013,1565524800,215,405,190,620,32,0.11312035845227496,-0.27832492012351084
R013,1565539200,333,591,258,924,32,0.3809333540917034,-0.20201879442002615
R013,1565553600,387,630,243,1017,32,0.3218569579947707,-0.1786751441225785
R013,1565568000,213,203,-10,416,32,-0.6745649228401618,-0.32953034658242825
R013,1565582400,41,27,-14,68,32,-0.6903186284660104,-0.4168807799535226
R013,1565596800,284,512,228,796,32,0.26278056189783794,-0.23414768945307235
R013,1565611200,509,1063,554,1572,32,1.5467075704045097,-0.039366263315229764
R013,1565625600,487,856,369,1343,32,0.8180986852090059,-0.09684686458528897
R013,1565640000,1091,1926,835,3017,32,2.653405390620383,0.32333884076876834
R013,1565654400,286,389,103,675,33,-0.7943804520255524,-0.4809420547777824
R013,1565668800,51,49,-2,100,33,-1.1695751377333428,-1.1793580199464389
R013,1565683200,307,504,197,811,33,-0.4584918762490544,-0.3157514960596306
R013,1565697600,524,1100,576,1624,33,0.8957822750200175,0.6717479468657914
R013,1565712000,552,980,428,1532,33,0.3669364323080844,0.5600013924388064
R013,1565726400,1111,1970,859,3081,33,1.9070212850705384,2.441473270780109
R013,1565740800,348,495,147,843,33,-0.6371560123003831,-0.27688312930241843
R013,1565755200,62,51,-11,113,33,-1.201734682222582,-1.1635677459513214
R013,1565769600,310,490,180,800,33,-0.5192376825065061,-0.3291124971324223
R013,1565784000,500,1142,642,1642,33,1.1316189346077714,0.6936114031667233
R013,1565798400,573,1028,455,1601,33,0.463415065775802,0.6438113082590452
R013,1565812800,1035,2021,986,3056,33,2.3608281906409134,2.411107359251037
R013,1565827200,343,543,200,886,33,-0.44777202808597466,-0.22465376147241453
R013,1565841600,41,43,2,84,33,-1.1552820068492364,-1.1987922033250449
R013,1565856000,304,488,184,792,33,-0.5049445516223998,-0.3388295888217253
R013,1565870400,490,1066,576,1556,33,0.8957822750200175,0.5891526675067156
R013,1565884800,521,983,462,1504,33,0.488428044822988,0.5259915715262458
R013,1565899200,1046,1911,865,2957,33,1.9284609813966977,2.2908583495959114
R013,1565913600,354,535,181,889,33,-0.5156643997854796,-0.2210098520889259
R013,1565928000,36,57,21,93,33,-1.0873896351497316,-1.187860475174579
R013,1565942400,267,484,217,751,33,-0.38702622182852287,-0.38862968372940343
R013,1565956800,434,1134,700,1568,33,1.3388693324273129,0.6037283050406701
R013,1565971200,672,1148,476,1820,33,0.53845400291736,0.9098166932537161
R013,1565985600,798,1683,885,2481,33,1.9999266358172292,1.7126913940823802
R013,1566000000,287,538,251,825,33,-0.26553460931361933,-0.29874658560335027
R013,1566014400,94,134,40,228,33,-1.0194972634502266,-1.02388455291759
R013,1566028800,63,318,255,381,33,-0.25124147842951305,-0.8380451743596693
R013,1566043200,276,650,374,926,33,0.1739791653726494,-0.17606830302589932
R013,1566057600,321,881,560,1202,33,0.8386097514835924,0.15917136025505577
R013,1566072000,385,870,485,1255,33,0.5706135474065992,0.22354709269668846
R013,1566086400,280,496,216,776,33,-0.39059950454954945,-0.3582637722003314
R013,1566100800,75,123,48,198,33,-0.9909110016820141,-1.0603236467524766
R013,1566115200,45,225,180,270,33,-0.5192376825065061,-0.9728698215487491
R013,1566129600,265,579,314,844,33,-0.04041779788894511,-0.27566849284125555
R013,1566144000,425,851,426,1276,33,0.3597898668660313,0.24905445838110896
R013,1566158400,468,706,238,1174,33,-0.3119872846869648,0.1251615393424951
R013,1566172800,236,346,110,582,33,-0.7693674729783664,-0.5939032456659303
R013,1566187200,34,56,22,90,33,-1.083816352428705,-1.1915043845580675
R013,1566201600,286,532,246,818,33,-0.2834010229187522,-0.3072490408314904
R013,1566216000,483,1089,606,1572,33,1.0029807566508149,0.6085868508853216
R013,1566230400,454,927,473,1381,33,0.5277341547542803,0.3765912868032114
R013,1566244800,1053,1723,670,2776,33,1.2316708507965155,2.07100915012543
R013,1566258868,281,76,-205,357,33,-1.8949515301017377,-0.8671964494275785
R013,1566258948,0,0,0,0,33,-1.1624285722912897,-1.300821666062727
R013,1566259028,1,2,1,3,33,-1.158855289570263,-1.2971777566792382
R013,1566259200,238,355,117,593,34,-0.8631659621606129,-0.6513806819026624
R013,1566273600,55,50,-5,105,34,-1.3282408717411576,-1.2540121911685727
R013,1566288000,317,519,202,836,34,-0.5391383612233481,-0.35129982790344905
R013,1566302400,500,1180,680,1680,34,1.2830403828709172,0.6909563069744775
R013,1566316800,491,984,493,1475,34,0.5701796608089347,0.43780167705744555
R013,1566331200,1061,1969,908,3030,34,2.152196771267345,2.358072162525663
R013,1566345600,325,462,137,787,34,-0.7869241737047858,-0.41180995895678835
R013,1566360000,59,72,13,131,34,-1.2596232621309134,-1.2219047746912906
R013,1566374400,311,526,215,837,34,-0.4895811987270606,-0.3500649272697074
R013,1566388800,494,1061,567,1555,34,0.8522742780954946,0.536593727756775
R013,1566403200,522,958,436,1480,34,0.3528905637098278,0.44397618022615365
R013,1566417600,1089,1952,863,3041,34,1.9806527472417343,2.371656069496821
R013,1566432000,309,516,207,825,34,-0.5200779141093914,-0.36488373487460685
R013,1566446400,57,41,-16,98,34,-1.3701738553918625,-1.262656495604764
R013,1566460800,297,470,173,767,34,-0.6496889544842973,-0.43650797163162075
R013,1566475200,505,1122,617,1627,34,1.0428787492350622,0.6255065733861717
R013,1566489600,502,980,478,1482,34,0.5129983194670644,0.4464459814936369
R013,1566504000,1089,1880,791,2969,34,1.706182308800757,2.2827432238674246
R013,1566518400,379,493,114,872,34,-0.874602230428987,-0.30684340508875074
R013,1566532800,50,51,1,101,34,-1.3053683352044094,-1.258951793703539
R013,1566547200,234,484,250,718,34,-0.35615806892936336,-0.49701810268496005
R013,1566561600,430,982,552,1412,34,0.7950929367536244,0.36000293713172354
R013,1566576000,626,1188,562,1814,34,0.8332138309815379,0.8564329918958544
R013,1566590400,799,1607,808,2406,34,1.77098782898821,1.5874941670708929
R013,1566604800,272,504,232,776,34,-0.4247756785396076,-0.42539386592794615
R013,1566619200,54,118,64,172,34,-1.0652067015685545,-1.171273848707884
R013,1566633600,57,265,208,322,34,-0.5162658246866001,-0.9860387536466412
R013,1566648000,261,686,425,947,34,0.31095758005912294,-0.2142258575581293
R013,1566662400,393,822,429,1215,34,0.32620593775028833,0.11672751228462461
R013,1566676800,431,737,306,1168,34,-0.14268106125304775,0.0586871824987685
R013,1566691200,281,446,165,727,34,-0.6801856698666281,-0.4859039969812855
R013,1566705600,50,109,59,159,34,-1.0842671486825113,-1.1873275569465251
R013,1566720000,37,186,149,223,34,-0.7411791006312897,-1.1082939163870615
R013,1566734400,263,591,328,854,34,-0.05881509395163803,-0.3290716164960999
R013,1566748800,479,957,478,1436,34,0.5129983194670644,0.3896405523415224
R013,1566763200,459,786,327,1245,34,-0.06262718337442938,0.15377453129687318
R013,1566777600,264,340,76,604,34,-1.0194616284950582,-0.6377967749315047
R013,1566792000,32,55,23,87,34,-1.2215023679029997,-1.2762404025759218
R013,1566806400,269,420,151,689,34,-0.733554921785707,-0.532830221063467
R013,1566820800,489,1187,698,1676,34,1.3516579924811616,0.686016704439511
R013,1566835200,477,881,404,1358,34,0.23090370218050457,0.29331830290967614
R013,1566849600,1011,1750,739,2761,34,1.5079536588156068,2.0258838920491677
R013,1566864000,247,338,91,585,35,-0.8920210970739013,-0.5427402276048886
R013,1566878400,39,67,28,106,35,-1.140786677054671,-1.172576862293118
R013,1566892800,295,485,190,780,35,-0.5011037571041204,-0.2863349170324361
R013,1566907200,514,1072,558,1586,35,0.95200312278355,0.7734737000003677
R013,1566921600,479,864,385,1343,35,0.26888494283635717,0.45395323605623455
R013,1566936000,1013,1783,770,2796,35,1.7891190427188384,2.36450152457815
R013,1566950400,333,460,127,793,35,-0.74986933708489,-0.2692412296609392
R013,1566964800,49,50,1,99,35,-1.2474004970464294,-1.181781155493155
R013,1566979200,306,551,245,857,35,-0.2839274571209088,-0.18508769183203175
R013,1566993600,491,1161,670,1652,35,1.3942530427493627,0.8602570358864285
R013,1567008000,511,1010,499,1521,35,0.7190321828015594,0.6880052631428836
R013,1567022400,1126,1997,871,3123,35,2.187933702688009,2.7944735069227247
R013,1567036800,328,534,206,862,35,-0.4379251971090043,-0.17851319668914833
R013,1567051200,37,59,22,96,35,-1.1644786370528395,-1.185725852578885
R013,1567065600,322,559,237,881,35,-0.31551673711846684,-0.15353011514619141
R013,1567080000,469,1130,661,1599,35,1.35871510275211,0.7905673873718645
R013,1567094400,499,985,486,1484,35,0.6676996028055275,0.6393539990855464
R013,1567108800,1015,1905,890,2920,35,2.2629582426822092,2.527549004121658
R013,1567123200,305,505,200,810,35,-0.4616171571071728,-0.24688794617513568
R013,1567137600,54,39,-15,93,35,-1.3105790570415454,-1.189670549664615
R013,1567152000,241,480,239,721,35,-0.3076194171190773,-0.3639139597184602
R013,1567166400,442,920,478,1362,35,0.6361103228079695,0.4789363175991915
R013,1567180800,626,1334,708,1960,35,1.5443021227377636,1.265245936688046
R013,1567195200,652,1424,772,2076,35,1.797016362718228,1.4177742240029407
R013,1567209600,264,503,239,767,35,-0.3076194171190773,-0.3034286044039329
R013,1567224000,65,99,34,164,35,-1.1170947170565024,-1.0963127186356707
R013,1567238400,28,186,158,214,35,-0.6274608770943526,-1.0305677672068367
R013,1567252800,212,522,310,734,35,-0.027264557140749594,-0.34682027234696333
R013,1567267200,366,766,400,1132,35,0.3281148428317785,0.17650954102655517
R013,1567281600,385,822,437,1207,35,0.4742152628204845,0.27512696816980614
R013,1567296000,226,358,132,584,35,-0.7301260370864163,-0.5440551266334652
R013,1567310400,64,81,17,145,35,-1.1842219370513132,-1.1212958001786277
R013,1567324800,27,141,114,168,35,-0.8012019170809219,-1.091053122521364
R013,1567339200,217,612,395,829,35,0.3083715428333047,-0.22190486463217876
R013,1567353600,442,886,444,1328,35,0.5018558828183478,0.43422975062758434
R013,1567368000,474,886,412,1360,35,0.37549876282811556,0.4763065195420381
R013,1567382400,225,262,37,487,35,-1.1052487370574182,-0.6716003324054032
R013,1567396800,66,74,8,140,35,-1.219759877048566,-1.127870295321511
R013,1567411200,30,142,112,172,35,-0.8090992370803114,-1.0857935264070573
R013,1567425600,183,437,254,620,35,-0.24838951712365598,-0.4967187616047048
R013,1567440000,289,612,323,901,35,0.02406802285528224,-0.12723213457465785
R013,1567454400,342,507,165,849,35,-0.5998202570964893,-0.19560688406064516
R013,1567468800,158,207,49,365,36,-0.7134533513618986,-0.8115172344183297
R013,1567483200,38,36,-2,74,36,-0.8778307933988123,-1.1355302898252366
R013,1567497600,289,466,177,755,36,-0.30089820272023277,-0.37727293335752665
R013,1567512000,575,1077,502,1652,36,0.7466051043777469,0.6214889590823204
R013,1567526400,487,922,435,1409,36,0.5306582687606249,0.35092135611366615
R013,1567540800,1091,1634,543,2725,36,0.8787516754270305,1.8162175104624272
R013,1567555200,263,448,185,711,36,-0.2751135059301286,-0.4262645980925916
R013,1567569600,36,41,5,77,36,-0.8552691837074712,-1.1321899490478458
R013,1567584000,325,523,198,848,36,-0.23321337364620945,-0.2737223692584121
R013,1567598400,540,1120,580,1660,36,0.998005898081262,0.6303965344886958
R013,1567612800,545,1015,470,1560,36,0.6434663172173305,0.5190518419090027
R013,1567627200,1086,2087,1001,3173,36,2.3549255666604907,2.3150417332194526
R013,1567641600,315,504,189,819,36,-0.2622211575350766,-0.30601233010652307
R013,1567656000,69,45,-24,114,36,-0.9487387095715987,-1.0909924127933595
R013,1567670400,351,501,150,852,36,-0.3879215543868341,-0.2692685815552244
R013,1567684800,592,1123,531,1715,36,0.8400746302418743,0.691636115407527
R013,1567699200,535,1026,491,1561,36,0.7111511462913538,0.5201652888347996
R013,1567713600,1134,2058,924,3192,36,2.106747860055739,2.3361972248095944
R013,1567728000,355,465,110,820,36,-0.5168450383373547,-0.30489888318072617
R013,1567742400,65,61,-4,126,36,-0.8842769675963383,-1.0776310496837962
R013,1567756800,312,418,106,730,36,-0.5297373867324068,-0.4051091065024499
R013,1567771200,478,1140,662,1618,36,1.2622990401798293,0.5836317636052247
R013,1567785600,696,1143,447,1839,36,0.5693353139457811,0.8297035342063465
R013,1567800000,1066,1882,816,2948,36,1.7586544533893331,2.0645161749151426
R013,1567814400,352,323,-29,675,36,-0.9648541450654137,-0.46634868742128116
R013,1567828800,106,42,-64,148,36,-1.0776621935221191,-1.0531352173162638
R013,1567843200,30,170,140,200,36,-0.4201524253744643,-0.9952359771748233
R013,1567857600,223,510,287,733,36,0.05364137814369882,-0.40176876572505915
R013,1567872000,361,582,221,943,36,-0.15908237037466014,-0.16794491130770367
R013,1567886400,465,465,0,930,36,-0.8713846192012863,-0.18241972134306375
R013,1567900800,296,193,-103,489,36,-1.2033625903738767,-0.6734498156195102
R013,1567915200,107,39,-68,146,36,-1.0905545419171714,-1.0553621111678575
R013,1567929600,33,61,28,94,36,-0.7811381804359219,-1.113261351309298
R013,1567944000,213,400,187,613,36,-0.2686673317326026,-0.5353823968206909
R013,1567958400,383,600,217,983,36,-0.17197471876971218,-0.12340703427582642
R013,1567972800,418,448,30,866,36,-0.7746920062383958,-0.2536803245940673
R013,1567987200,211,148,-63,359,36,-1.0744391064233563,-0.8181979159731113
R013,1568001600,21,20,-1,41,36,-0.8746077063000494,-1.1722740383765353
R013,1568016000,393,463,70,856,36,-0.6457685222878753,-0.26481479385203666
R013,1568030400,740,1110,370,1850,36,0.321157607341029,0.8419514503901127
R013,1568044800,519,941,422,1460,36,0.48875813647670574,0.4077071493293096
R013,1568059200,1021,2191,1170,3212,36,2.8996272863514405,2.3584661633255326
R013,1568073600,356,297,-59,653,37,-0.9013666068754428,-0.6428037221027915
R013,1568088000,41,23,-18,64,37,-0.8020542198359961,-1.298407864645725
R013,1568102400,466,426,-40,892,37,-0.8553437933693577,-0.37677759295548907
R013,1568116800,727,1225,498,1952,37,0.4478285048555771,0.803087247614137
R013,1568131200,535,989,454,1524,37,0.34124935778885385,0.3266889912331936
R013,1568145600,1086,2107,1021,3193,37,1.714667002944129,2.184419575111218
R013,1568160000,373,324,-49,697,37,-0.8771440734511875,-0.5938282004187693
R013,1568174400,59,16,-43,75,37,-0.8626105533966344,-1.2861639842247197
R013,1568188800,454,502,48,956,37,-0.6421854992359112,-0.3055404705060022
R013,1568203200,723,1147,424,1870,37,0.268581757516088,0.7118146844757319
R013,1568217600,510,992,482,1502,37,0.4090724513767687,0.3022012303911825
R013,1568232000,1171,2069,898,3240,37,1.416729841825789,2.2367343369100596
R013,1568246400,334,304,-30,638,37,-0.8311212599451024,-0.65949992267689
R013,1568260800,54,30,-24,84,37,-0.8165877398905493,-1.2761462638802605
R013,1568275200,343,465,122,808,37,-0.462938751896422,-0.4702763161704405
R013,1568289600,608,1108,500,1716,37,0.4526730115404282,0.5404003585816541
R013,1568304000,512,1054,542,1566,37,0.5544076519223005,0.37343835284066934
R013,1568318400,923,2275,1352,3198,37,2.5164328592869794,2.189984975302584
R013,1568332800,1613,356,-1257,1969,37,-3.8032261111012278,0.8220096082647819
R013,1568347200,54,28,-26,82,37,-0.8214322465754004,-1.278372423956807
R013,1568361600,331,487,156,818,37,-0.380582138253954,-0.45914551578770824
R013,1568376000,479,1096,617,1575,37,0.7360766526042152,0.3834560731851284
R013,1568390400,616,1094,478,1710,37,0.39938343800706655,0.5337218783520148
R013,1568404800,1031,1688,657,2719,37,0.8329667863012363,1.656819636969706
R013,1568419200,438,597,159,1035,37,-0.3733153782266774,-0.21760714748241686
R013,1568433600,76,91,15,167,37,-0.7221198595359537,-1.1837606207035822
R013,1568448000,43,349,306,392,37,-0.017244136890124537,-0.9333176120921051
R013,1568462400,249,788,539,1037,37,0.5471408918950239,-0.21538098740587042
R013,1568476800,361,976,615,1337,37,0.7312321459193641,0.11854302407609921
R013,1568491200,396,993,597,1389,37,0.6876315857557046,0.17642318606630727
R013,1568505600,245,533,288,778,37,-0.06084469705378407,-0.5036687173186375
R013,1568520000,60,82,22,142,37,-0.705164086138975,-1.2115876216604131
R013,1568534400,37,168,131,205,37,-0.4411384718145922,-1.1414635792491994
R013,1568548800,200,799,599,999,37,0.6924760924405556,-0.2576780288602532
R013,1568563200,454,864,410,1318,37,0.23467021072213054,0.0973945033489078
R013,1568577600,438,931,493,1369,37,0.4357172381434495,0.15416158530084265
R013,1568592000,228,416,188,644,37,-0.30307003129633703,-0.6528214424472506
R013,1568606400,37,47,10,84,37,-0.7342311262480813,-1.2761462638802605
R013,1568620800,328,527,199,855,37,-0.2764252445296562,-0.41796155437159865
R013,1568635200,627,1009,382,1636,37,0.1668471171342157,0.4513539555197956
R013,1568649600,519,982,463,1501,37,0.3630496378706836,0.30108815035290926
R013,1568664000,1130,2162,1032,3292,37,1.74131178971081,2.294614498900268
R013,1568678400,313,434,121,747,38,-0.7945076161258164,-0.5213979951810558
R013,1568692800,54,76,22,130,38,-1.1332998085010748,-1.206044949684318
R013,1568707200,367,526,159,893,38,-0.6644661685474345,-0.3593907741802838
R013,1568721600,559,1195,636,1754,38,0.9678962128969922,0.5960079743242686
R013,1568736000,553,969,416,1522,38,0.21502467428530703,0.33857184232304194
R013,1568750400,1160,2044,884,3204,38,1.816587765513801,2.2049837993319352
R013,1568764800,337,525,188,862,38,-0.565224011184985,-0.3937895676804477
R013,1568779200,5,14,9,19,38,-1.1777876721463107,-1.3292148231849048
R013,1568793600,403,476,73,879,38,-0.9587704972774569,-0.37492571318035783
R013,1568808000,707,1145,438,1852,38,0.29031182814647555,0.7047525473247868
R013,1568822400,532,1060,528,1592,38,0.5983047303058013,0.41624653732341205
R013,1568836800,1227,2172,945,3399,38,2.0253385103106774,2.421363306832966
R013,1568851200,384,579,195,963,38,-0.5412690076837041,-0.2817160791799137
R013,1568865600,1,5,4,6,38,-1.1948983889329399,-1.3436401236849735
R013,1568880000,456,451,-5,907,38,-1.2256976791488725,-0.3438558351802098
R013,1568894400,732,1137,405,1869,38,0.17738109735472277,0.7236164018248766
R013,1568908800,545,1014,469,1559,38,0.39639827222357665,0.37962846682323753
R013,1568923200,1094,2027,933,3121,38,1.9842727900227672,2.1128838038314965
R013,1568937600,357,628,271,985,38,-0.2811861125269401,-0.25730403217979736
R013,1568952000,2,2,0,4,38,-1.2085869623622434,-1.3458594006849842
R013,1568966400,314,462,148,776,38,-0.7021097454780186,-0.4892184786809024
R013,1568980800,518,1133,615,1651,38,0.8960312023931496,0.481715208823724
R013,1568995200,647,1100,453,1747,38,0.3416439785063632,0.5882405048242315
R013,1569009600,934,1911,977,2845,38,2.134847097745104,1.806623577830037
R013,1569024000,333,565,232,898,38,-0.41464970346264796,-0.35384258168025734
R013,1569038400,89,142,53,231,38,-1.0272133644239736,-1.093971461183784
R013,1569052800,58,195,137,253,38,-0.7397533224086029,-1.0695594141836677
R013,1569067200,268,692,424,960,38,0.24240182114391376,-0.28504499467992955
R013,1569081600,416,976,560,1392,38,0.7078133177402283,0.19431883732235458
R013,1569096000,380,965,585,1345,38,0.7933669016733743,0.14216582782210607
R013,1569110400,287,468,181,755,38,-0.5891790146862659,-0.5125208871810134
R013,1569124800,83,124,41,207,38,-1.0682790847118837,-1.1206027851839109
R013,1569139200,32,160,128,192,38,-0.7705526126245356,-1.1372473626839903
R013,1569153600,210,717,507,927,38,0.5264397198019587,-0.321663065180104
R013,1569168000,458,976,518,1434,38,0.5640832967325429,0.24092365432257665
R013,1569182400,504,939,435,1443,38,0.280045398074498,0.2509104008226242
R013,1569196800,219,282,63,501,38,-0.9929919308507152,-0.7943690661823564
R013,1569211200,37,52,15,89,38,-1.1572548120023556,-1.2515401281845349
R013,1569225600,344,498,154,842,38,-0.6815768853340636,-0.4159823376805534
R013,1569240000,615,1115,500,1730,38,0.5024847163006777,0.5693766503241416
R013,1569254400,502,947,445,1449,38,0.31426683164775643,0.2575682318226559
R013,1569268800,1102,2073,971,3175,38,2.1143142376011492,2.1728042828317817
R013,1569283200,325,499,174,824,39,-0.22532157716762682,-0.23236449187232538
R013,1569297600,50,51,1,101,39,-0.6889824606850374,-0.9888757130790403
R013,1569312000,371,493,122,864,39,-0.3646878542942474,-0.19051048240030796
R013,1569326400,638,1209,571,1847,39,0.8386863462798414,0.8380518003745202
R013,1569340800,506,1038,532,1544,39,0.734161638434876,0.5210076786239882
R013,1569355200,1163,2165,1002,3328,39,1.9938183740024078,2.3876965010759656
R013,1569369600,370,552,182,922,39,-0.20388061145583905,-0.12982216866588273
R013,1569384000,84,63,-21,147,39,-0.7479451163924539,-0.9407436021862202
R013,1569398400,360,526,166,886,39,-0.2467625428794146,-0.16749077719069838
R013,1569412800,597,1168,571,1765,39,0.8386863462798414,0.7522510809568844
R013,1569427200,559,1054,495,1613,39,0.6349971720178575,0.5932058449632183
R013,1569441600,1111,2050,939,3161,39,1.824970769022079,2.212956011530293
R013,1569456000,375,581,206,956,39,-0.13955771432047573,-0.0942462606146679
R013,1569470400,44,64,20,108,39,-0.6380601671195415,-0.9815512614214372
R013,1569484800,299,466,167,765,39,-0.24408242216544113,-0.2940991558435511
R013,1569499200,600,1192,592,1792,39,0.8949688812732843,0.7805025373504962
R013,1569513600,505,1113,608,1618,39,0.9378508126968599,0.5984375961472205
R013,1569528000,1159,2302,1143,3461,39,2.3717153946726675,2.526861082570423
R013,1569542400,442,585,143,1027,39,-0.30840531930080445,-0.01995539380183698
R013,1569556800,160,181,21,341,39,-0.635380046405568,-0.7377516562469357
R013,1569571200,310,460,150,770,39,-0.2896444743029902,-0.2888674046595489
R013,1569585600,483,1082,599,1565,39,0.9137297262710986,0.5429810335967974
R013,1569600000,574,1109,535,1683,39,0.7422020005767964,0.6664503615392487
R013,1569614400,963,1995,1032,2958,39,2.074221995421612,2.000546913459804
R013,1569628800,359,315,-44,674,39,-0.8095878928138437,-0.3893170273923907
R013,1569643200,61,41,-20,102,39,-0.7452649956784804,-0.9878293628422399
R013,1569657600,32,87,55,119,39,-0.54425594213047,-0.9700414088166325
R013,1569672000,235,217,-18,452,39,-0.7399047542505334,-0.6216067799620875
R013,1569686400,303,46,-257,349,39,-1.3804536048901932,-0.7293808543525323
R013,1569700800,375,82,-293,457,39,-1.476937950593238,-0.6163750287780853
R013,1569715200,201,45,-156,246,39,-1.1097614127788724,-0.8371549287429771
R013,1569729600,25,5,-20,30,39,-0.7452649956784804,-1.0631665798918712
R013,1569744000,27,13,-14,40,39,-0.7291842713946395,-1.0527030775238668
R013,1569758400,210,105,-105,315,39,-0.9730752563662255,-0.7649567624037471
R013,1569772800,225,133,-92,358,39,-0.9382336870845703,-0.7199637022213283
R013,1569787200,236,53,-183,289,39,-1.1821246720561562,-0.7921618685605584
R013,1569801600,113,13,-100,126,39,-0.9596746527963581,-0.9627169571590294
R013,1569816000,14,13,-1,27,39,-0.6943427021129844,-1.0663056306022725
R013,1569830400,186,425,239,611,39,-0.05111373075935117,-0.45523709231081816
R013,1569844800,492,1085,593,1577,39,0.8976490019872578,0.5555372364384026
R013,1569859200,508,920,412,1428,39,0.4125471527580594,0.3996310511551377
R013,1569873600,898,1791,893,2689,39,1.7016852161792992,1.719078699760487
R013,1569888000,260,347,87,607,40,-0.8700141692748562,-0.7429452696651285
R013,1569902400,29,48,19,77,40,-1.1044255341285343,-1.3443694351588285
R013,1569916800,324,505,181,829,40,-0.5459749296241834,-0.4910279777036165
R013,1569931200,521,1075,554,1596,40,0.7398403511173162,0.37933491839764355
R013,1569945600,505,991,486,1496,40,0.505428986263638,0.2658586607573228
R013,1569960000,981,1871,890,2852,40,1.8981082715707849,1.804596714360072
R013,1569974400,338,493,155,831,40,-0.635602804421178,-0.48875845255081013
R013,1569988800,51,48,-3,99,40,-1.1802645051106067,-1.319404658477958
R013,1570003200,371,482,111,853,40,-0.7872807463853226,-0.4637936758699395
R013,1570017600,578,1146,568,1724,40,0.788101514469544,0.5245845281772541
R013,1570032000,501,999,498,1500,40,0.5467956977084047,0.27039771106293564
R013,1570046400,1218,2045,827,3263,40,1.6809330364857595,2.2709841332617904
R013,1570060800,403,487,84,890,40,-0.8803558471360479,-0.4218074605430209
R013,1570075200,186,70,-116,256,40,-1.5698010378821603,-1.1412469339826543
R013,1570089600,355,503,148,858,40,-0.6597333860972919,-0.4581198629879235
R013,1570104000,625,1285,660,1910,40,1.1052463022127557,0.7356503673882506
R013,1570118400,632,1151,519,1783,40,0.6191874427367465,0.5915355201850433
R013,1570132800,1341,1908,567,3249,40,0.7846542885158135,2.255097457192145
R013,1570147200,468,611,143,1079,40,-0.6769695158659447,-0.20733733360281467
R013,1570161600,81,113,32,194,40,-1.059611596730037,-1.2116022137196532
R013,1570176000,382,500,118,882,40,-0.7631501647092087,-0.43088556115424653
R013,1570190400,491,1458,967,1949,40,2.1635446700080383,0.7799061078679758
R013,1570204800,711,1149,438,1860,40,0.339962140484571,0.6789122385680902
R013,1570219200,1134,2149,1015,3283,40,2.3290115157871054,2.2936793847898542
R013,1570233600,493,679,186,1172,40,-0.5287387998555305,-0.10180441399731639
R013,1570248000,124,144,20,268,40,-1.100978308174804,-1.127629783065816
R013,1570262400,46,305,259,351,40,-0.2770913052331995,-1.0334444892243497
R013,1570276800,215,912,697,1127,40,1.2327936625007865,-0.15286872993546072
R013,1570291200,425,888,463,1313,40,0.42614278932783506,0.05819710927553585
R013,1570305600,688,1100,412,1788,40,0.25033426568757644,0.5972093330670594
R013,1570320000,347,570,223,917,40,-0.40119143956749975,-0.39116887098013425
R013,1570334400,98,80,-18,178,40,-1.231972894416565,-1.2297584149421046
R013,1570348800,35,168,133,203,40,-0.7114417754032504,-1.2013893505320243
R013,1570363200,207,789,582,996,40,0.836362677821772,-0.3015226274442809
R013,1570377600,568,849,281,1417,40,-0.20125233425112718,0.1762124172214694
R013,1570392000,751,953,202,1704,40,-0.4735831845958416,0.5018892766491899
R013,1570406400,270,379,109,649,40,-0.7941751982927838,-0.6952852414561939
R013,1570420800,44,58,14,102,40,-1.1216616638971872,-1.3160003707487482
R013,1570435200,296,488,192,784,40,-0.5080554441331472,-0.5420922936417608
R013,1570449600,605,1123,518,1728,40,0.6157402167830159,0.529123578482867
R013,1570464000,586,885,299,1471,40,-0.13920226708397707,0.23748959634724262
R013,1570478400,1085,1819,734,2904,40,1.3603410227888173,1.8636043683330388
R013,1570492800,278,192,-86,470,41,-1.261744984188938,-0.674383110968107
R013,1570507200,348,317,-31,665,41,-1.087072369702373,-0.4453473374317688
R013,1570521600,356,503,147,859,41,-0.5217682719094896,-0.2174861063238221
R013,1570536000,600,1294,694,1894,41,1.2154302758023487,0.9981653070613576
R013,1570550400,508,1103,595,1611,41,0.9010195697265315,0.6657697998265694
R013,1570564800,990,2148,1158,3138,41,2.6890319689253706,2.459296087980356
R013,1570579200,414,529,115,943,41,-0.6233959748834911,-0.11882454233893794
R013,1570593600,94,74,-20,168,41,-1.05213784680506,-1.0290949243423333
R013,1570608000,292,492,200,784,41,-0.35344738885879956,-0.3055767884531829
R013,1570622400,504,1116,612,1620,41,0.9550092869314698,0.6763406816820926
R013,1570636800,535,747,212,1282,41,-0.315337000243549,0.27934534088577306
R013,1570651200,1020,1889,869,2909,41,1.7712067764414192,2.1903258718787075
R013,1570665600,316,433,117,749,41,-0.617044243447616,-0.34668577344688467
R013,1570680000,48,63,15,111,41,-0.9409825466772458,-1.0960438427606476
R013,1570694400,353,487,134,840,41,-0.5630545262426777,-0.23980241246326017
R013,1570708800,610,1148,538,1758,41,0.7199952238040913,0.8384275368001166
R013,1570723200,575,1059,484,1634,41,0.5484984750354638,0.6927842756795733
R013,1570737600,1113,2093,980,3206,41,2.123727871132487,2.539164973110976
R013,1570752000,398,583,185,981,41,-0.40108537462786276,-0.07419193006006178
R013,1570766400,45,82,37,127,41,-0.8711135008826197,-1.077251163906384
R013,1570780800,293,485,192,778,41,-0.37885431460229996,-0.3126240430235318
R013,1570795200,541,1195,654,1736,41,1.0883956470848468,0.8125876033755041
R013,1570809600,625,1160,535,1785,41,0.7104676266502787,0.8701401823666866
R013,1570824000,914,1972,1058,2886,41,2.3714453971316156,2.1633113960257035
R013,1570838400,411,604,193,1015,41,-0.3756784488843624,-0.03425748749475153
R013,1570852800,74,134,60,208,41,-0.7980685893700562,-0.9821132272066743
R013,1570867200,34,208,174,242,41,-0.4360198975251758,-0.942178784641364
R013,1570881600,298,620,322,918,41,0.034008228729581175,-0.1481881030487249
R013,1570896000,414,745,331,1159,41,0.0625910201910191,0.1348766221936213
R013,1570903327,240,1073,833,1313,41,1.6568756105956675,0.3157561561659089
R013,1570903408,3,0,-3,3,41,-0.9981481296001217,-1.2228944250269271
R013,1570903489,2,0,-2,2,41,-0.9949722638821841,-1.2240689674553187
R013,1570903569,1,0,-1,1,41,-0.9917963981642466,-1.2252435098837102
R013,1570903650,2,9,7,11,41,-0.9663894724207461,-1.2134980855997954
R013,1570903730,3,16,13,19,41,-0.9473342781131209,-1.2041017461726635
R013,1570910400,457,759,302,1216,41,-0.02950908562916977,0.20182554061193553
R013,1570924800,317,495,178,812,41,-0.4233164346534256,-0.27268960045822155
R013,1570939200,76,140,64,216,41,-0.7853651264983059,-0.9727168877795425
R013,1570953600,29,150,121,179,41,-0.6043407805758658,-1.0161749576300272
R013,1570968000,271,603,332,874,41,0.06576688590895664,-0.19986796989794992
R013,1570982400,482,821,339,1303,41,0.08799794593451947,0.3040107318819941
R013,1570996800,461,856,395,1317,41,0.2658464261390221,0.3204543258794748
R013,1571011200,293,269,-24,562,41,-1.0648413096768101,-0.5663252075560911
R013,1571025600,52,51,-1,103,41,-0.9917963981642466,-1.1054401821877795
R013,1571040000,166,396,230,562,41,-0.25817141732067317,-0.5663252075560911
R013,1571054400,403,918,515,1321,41,0.6469503122915278,0.3251524955930407
R013,1571068800,422,850,428,1272,41,0.37064999483096117,0.26759991660185833
R013,1571083200,908,1650,742,2558,41,1.367871830263351,1.778061479513299
R013,1571097600,279,373,94,652,42,-0.6178567613927946,-0.5214575668663431
R013,1571112000,48,50,2,98,42,-0.898159668281544,-1.1367206752313765
R013,1571126400,360,525,165,885,42,-0.4015360397721292,-0.2626916747200385
R013,1571140800,583,1138,555,1721,42,0.7867045437780044,0.6657559039679902
R013,1571155200,519,999,480,1518,42,0.5581967392491326,0.44030750866455737
R013,1571169600,1008,2104,1096,3112,42,2.435007507112933,2.210577174249148
R013,1571184000,403,337,-66,740,42,-1.1053400777210545,-0.4237262427939191
R013,1571198400,80,56,-24,136,42,-0.9773757071848862,-1.0945185125637389
R013,1571212800,370,475,105,845,42,-0.5843422833952266,-0.30711500384386764
R013,1571227200,566,1167,601,1733,42,0.9268559972223791,0.6790829027051389
R013,1571241600,575,1105,530,1680,42,0.7105352756017138,0.6202219916160654
R013,1571256000,1225,2081,856,3306,42,1.7037825326205431,2.426030320499719
R013,1571270400,405,494,89,899,42,-0.6330906150280526,-0.2471435095266983
R013,1571284800,46,60,14,106,42,-0.8615984195569245,-1.1278360094066107
R013,1571299200,355,489,134,844,42,-0.49598593231072957,-0.30822558707196335
R013,1571313600,566,1198,632,1764,42,1.0213058897609795,0.7135109827761065
R013,1571328000,578,1092,514,1670,42,0.6617869439688878,0.6091161593351081
R013,1571342400,1121,2110,989,3231,42,2.1090030393184094,2.3427365783925396
R013,1571356800,353,519,166,872,42,-0.3984892690450776,-0.277129256685283
R013,1571371200,65,86,21,151,42,-0.8402710244675632,-1.077859764142303
R013,1571385600,319,471,152,790,42,-0.4411440592238003,-0.36819708138913265
R013,1571400000,472,1181,709,1653,42,1.2559072357439547,0.5902362444574807
R013,1571414400,608,1203,595,1811,42,0.9085753728600694,0.7657083944966058
R013,1571428800,1004,1974,970,2978,42,2.0511143955044284,2.0617590216843205
R013,1571443200,437,569,132,1006,42,-0.5020794737648328,-0.1283111041204554
R013,1571457600,76,90,14,166,42,-0.8615984195569245,-1.0612010157208671
R013,1571472000,41,120,79,161,42,-0.6635583222985689,-1.0667539318613457
R013,1571486400,291,448,157,739,42,-0.4259102055885422,-0.42483682602201484
R013,1571500800,413,611,198,1024,42,-0.3009926057794256,-0.1083206060147323
R013,1571515200,491,691,200,1182,42,-0.2948990643253223,0.06715154402439275
R013,1571529600,318,313,-5,631,42,-0.9194870633709054,-0.5447798146563534
R013,1571544000,69,83,14,152,42,-0.8615984195569245,-1.0767491809142071
R013,1571558400,25,98,73,123,42,-0.6818389466608786,-1.1089560945289834
R013,1571572800,209,389,180,598,42,-0.35583447886635483,-0.5814290611835125
R013,1571587200,374,584,210,958,42,-0.2644313570548061,-0.18161909906905035
R013,1571601600,381,458,77,839,42,-0.6696518637526722,-0.313778503212442
R013,1571616000,236,127,-109,363,42,-1.2363512189842742,-0.8424161197860086
R013,1571630400,29,47,18,76,42,-0.849411336648718,-1.1611535062494824
R013,1571644800,355,483,128,838,42,-0.5142665566730393,-0.3148890864405377
R013,1571646740,56,158,102,214,42,-0.5934825955763815,-1.007893020772272
R013,1571659200,563,1083,520,1646,42,0.6800675683311975,0.5824621618608106
R013,1571673600,514,866,352,1380,42,0.1682100861865246,0.28704702318734693
R013,1571688000,946,1989,1043,2935,42,2.273528658579197,2.014003942876204
R013,1571702400,315,387,72,702,43,-0.7781983770147303,-0.5336984234447494
R013,1571716800,42,58,16,100,43,-0.9480028656257931,-1.175141164252709
R013,1571731200,371,510,139,881,43,-0.5750394352836373,-0.34297043240716674
R013,1571745600,559,1109,550,1668,43,0.6712042222011267,0.4955934164563951
R013,1571760000,545,1055,510,1600,43,0.5499153017646534,0.42313809025217375
R013,1571774400,1125,2300,1175,3425,43,2.5663436040210237,2.3677111832331144
R013,1571788800,421,483,62,904,43,-0.8085206071238487,-0.31846348383809187
R013,1571803200,76,46,-30,122,43,-1.0874851241277375,-1.1516997351866374
R013,1571817600,366,510,144,876,43,-0.5598783202290781,-0.348298029922183
R013,1571832000,591,1205,614,1796,43,0.8652664948994843,0.6319799128408118
R013,1571846400,572,1071,499,1643,43,0.5165608486446233,0.4689554288813137
R013,1571860800,1240,2115,875,3355,43,1.6566767007474732,2.2931248180228865
R013,1571875200,469,575,106,1044,43,-0.6751027946437279,-0.16929075341763614
R013,1571889600,48,62,14,110,43,-0.9540673116476167,-1.1644859692226766
R013,1571904000,370,467,97,837,43,-0.7023928017419344,-0.38985329053930995
R013,1571918400,581,1256,675,1837,43,1.0502320985651061,0.6756662124639452
R013,1571932800,590,1064,474,1654,43,0.44075527337182735,0.4806761434143495
R013,1571947200,1200,1951,751,3151,43,1.2806810473944057,2.0757588394102227
R013,1571961600,407,606,199,1013,43,-0.3931060546289272,-0.20232185801073704
R013,1571976000,54,60,6,114,43,-0.9783250957349113,-1.1602238912106635
R013,1571990400,330,503,173,833,43,-0.47194385291263496,-0.394115368551323
R013,1572004800,504,1161,657,1665,43,0.9956520843686931,0.4923968579473853
R013,1572019200,633,1045,412,1678,43,0.2527574466952936,0.5062486114864276
R013,1572033600,963,2114,1151,3077,43,2.49357025175914,1.9969103961879817
R013,1572048000,412,534,122,946,43,-0.6265872264691386,-0.2737116647119551
R013,1572062400,72,81,9,153,43,-0.9692284267021759,-1.1186686305935365
R013,1572076800,41,152,111,193,43,-0.6599416795891687,-1.0760478504734063
R013,1572091200,238,587,349,825,43,0.06172739700784799,-0.402639524575349
R013,1572105600,416,851,435,1267,43,0.3224985759462658,0.06832009575208976
R013,1572120000,459,754,295,1213,43,-0.10201264558139109,0.010782042589913984
R013,1572134400,283,337,54,620,43,-0.8327783912111433,-0.6210710226910163
R013,1572148800,62,86,24,148,43,-0.9237450815384983,-1.1239962281085527
R013,1572163200,42,118,76,160,43,-0.766069484971083,-1.1112099940725138
R013,1572177600,264,471,207,735,43,-0.36884827054163255,-0.49853627984564197
R013,1572192000,367,736,369,1103,43,0.1223718572260847,-0.10642510274044409
R013,1572206400,388,681,293,1069,43,-0.10807709160321476,-0.14265276584255476
R013,1572220800,225,200,-25,425,43,-1.0723240090731783,-0.8288473257766511
R013,1572235200,31,36,5,67,43,-0.9813573187458232,-1.2103033078518164
R013,1572249600,349,467,118,816,43,-0.6387161185127859,-0.41222920010237835
R013,1572264000,600,1157,557,1757,43,0.6924297832775096,0.5904246522236848
R013,1572278400,605,910,305,1515,43,-0.07169041547227274,0.33256893249689706
R013,1572292800,1133,2291,1158,3424,43,2.5147958128355223,2.3666456637301114
R013,1572307200,358,493,135,851,44,-0.6457091512773825,-0.421300769108496
R013,1572321600,61,58,-3,119,44,-1.0823133107668979,-1.1967898339306609
R013,1572336000,356,510,154,866,44,-0.5855969843911448,-0.40540959974738605
R013,1572350400,599,1070,471,1669,44,0.4173270631318726,0.44529766671736576
R013,1572364800,660,1088,428,1748,44,0.28128373807354534,0.5289911586858781
R013,1572379200,1139,2394,1255,3533,44,2.897744896753468,2.42004031265796
R013,1572393600,428,623,195,1051,44,-0.45588125584715833,-0.20941851096036354
R013,1572408000,78,76,-2,154,44,-1.0791495125097275,-1.1597104387547377
R013,1572422400,354,540,186,894,44,-0.48435544016169196,-0.3757460836066475
R013,1572436800,611,1188,577,1799,44,0.7526896783919352,0.5830211345136518
R013,1572451200,590,1094,504,1684,44,0.5217324056184959,0.46118883607847566
R013,1572465600,1258,2194,936,3452,44,1.8884932527161096,2.3342279981079668
R013,1572480000,454,658,204,1112,44,-0.4274070715326247,-0.14479442222518316
R013,1572494400,50,78,28,128,44,-0.9842355647946155,-1.1872551323139948
R013,1572508800,332,447,115,779,44,-0.7089851164207905,-0.4975783820418237
R013,1572523200,577,1168,591,1745,44,0.7969828539923209,0.525812924813656
R013,1572537600,624,1063,439,1687,44,0.31608551890241976,0.46436706995069765
R013,1572552000,1265,1992,727,3257,44,1.2272594169674955,2.1276427964135376
R013,1572566400,374,483,109,857,44,-0.7279679059638129,-0.414944301364052
R013,1572580800,65,101,36,166,44,-0.9589251787372522,-1.1469975032658497
R013,1572595200,281,497,216,778,44,-0.3894414924465799,-0.49863779333256436
R013,1572609600,514,1308,794,1822,44,1.4392339001979124,0.6073875942006871
R013,1572624000,755,1120,365,1875,44,0.08196444787181002,0.6635363926099421
R013,1572638400,1065,2057,992,3122,44,2.065665955117652,1.984622272163548
R013,1572652800,393,556,163,949,44,-0.5571228000766112,-0.3174784626159111
R013,1572667200,74,128,54,202,44,-0.9019768101081851,-1.1088586967991858
R013,1572681600,45,190,145,235,44,-0.6140711687056785,-1.073898124204744
R013,1572696000,313,701,388,1014,44,0.15473180778672926,-0.24861672871776805
R013,1572710400,523,858,335,1381,44,-0.012949499843302044,0.140187214984055
R013,1572724800,557,745,188,1302,44,-0.4780278436473512,0.05649372301554268
R013,1572739200,358,470,112,828,44,-0.7184765111923017,-0.4456672287955312
R013,1572750000,84,81,-3,165,44,-1.0823133107668979,-1.1480569145565904
R013,1572764400,30,103,73,133,44,-0.8418646432219474,-1.1819580758602914
R013,1572778800,193,408,215,601,44,-0.3926052907037503,-0.6861535917936615
R013,1572793200,433,842,409,1275,44,0.2211715711873077,0.027889618165544798
R013,1572807600,549,911,362,1460,44,0.0724730531002988,0.22388070695256732
R013,1572822000,306,380,74,686,44,-0.838700844964777,-0.5961036320807053
R013,1572836400,47,98,51,145,44,-0.9114682048796963,-1.1692451403714035
R013,1572850800,132,288,156,420,44,-0.579269387876804,-0.8779070354177214
R013,1572865200,721,1270,549,1991,44,0.664103327191164,0.786428102335859
R013,1572879600,468,823,355,1291,44,0.050326465300105996,0.04484019881739539
R013,1572894000,1071,2296,1225,3367,44,2.8028309490383556,2.24417803839501
R013,1572908400,411,689,278,1100,44,-0.19328600050201497,-0.1575073577140711
R013,1572922800,74,117,43,191,45,-0.9382009838196319,-1.0709280967236903
R013,1572937200,148,268,120,416,45,-0.695061150365614,-0.8281950116964946
R013,1572951600,736,1172,436,1908,45,0.3027594648482778,0.7813950454616215
R013,1572966000,432,952,520,1384,45,0.5680029195253883,0.21609666077606335
R013,1572980400,1071,2257,1186,3328,45,2.671004595893907,2.3133105154110347
R013,1572994800,511,708,197,1219,45,-0.45192131691159604,0.03809239842278643
R013,1573009200,100,136,36,236,45,-0.9603046050427244,-1.022381479718251
R013,1573023600,161,279,118,440,45,-0.7013764707150689,-0.802303482626927
R013,1573038000,775,1218,443,1993,45,0.3248630860713704,0.87309421091634
R013,1573052400,437,841,404,1278,45,0.20171433925699764,0.10174240738547333
R013,1573066800,1098,2134,1036,3232,45,2.197355569684781,2.2097443991327648
R013,1573081200,533,871,338,1404,45,-0.006691232275017724,0.23767293500070297
R013,1573095600,72,108,36,180,45,-0.9603046050427244,-1.082795047547242
R013,1573110000,147,268,121,415,45,-0.6919034901908865,-0.8292738254077265
R013,1573124400,779,1168,389,1947,45,0.15434943663608505,0.8234687801996688
R013,1573138800,473,901,428,1374,45,0.2774981834504578,0.20530852366374353
R013,1573153200,1144,2219,1075,3363,45,2.320504316499154,2.3510689953041544
R013,1573167600,518,950,432,1468,45,0.2901288241493678,0.30671701251954975
R013,1573182000,92,114,22,206,45,-1.0045118474889094,-1.0547458910552105
R013,1573196400,147,218,71,365,45,-0.8497864989272618,-0.8832145109693256
R013,1573210800,651,1068,417,1719,45,0.24276392152845522,0.5774992540387771
R013,1573225200,615,889,274,1504,45,-0.20878148345757808,0.3455543061239011
R013,1573239600,1005,2284,1279,3289,45,2.9646669921435653,2.2712367806729876
R013,1573254000,454,819,365,1273,45,0.07856559244262493,0.09634833882931342
R013,1573268400,148,188,40,336,45,-0.9476739643438145,-0.914500108595053
R013,1573282800,33,153,120,186,45,-0.695061150365614,-1.0763221652798503
R013,1573297200,168,480,312,648,45,-0.08879039681793287,-0.5779102306906748
R013,1573311600,365,671,306,1036,45,-0.1077363578662979,-0.15933051073266613
R013,1573326000,436,854,418,1290,45,0.24592158170318273,0.1146881719202571
R013,1573340400,359,501,142,860,45,-0.6255926265216089,-0.34920172390949483
R013,1573354800,127,184,57,311,45,-0.8939937413734468,-0.9414704513758526
R013,1573369200,25,105,80,130,45,-0.8213675573547142,-1.1367357331088412
R013,1573383600,137,435,298,572,45,-0.13299763926411795,-0.6599000727443054
R013,1573398000,437,797,360,1234,45,0.0627772915689874,0.05427460409126615
R013,1573412400,524,790,266,1314,45,-0.23404276485539813,0.14057970098982464
R013,1573426800,274,350,76,624,45,-0.8339981980536242,-0.6038017597602424
R013,1573441200,60,84,24,144,45,-0.9981965271394545,-1.1216323411515934
R013,1573455600,78,219,141,297,45,-0.6287502866963364,-0.9565738433331002
R013,1573470000,561,996,435,1557,45,0.29960180467355035,0.4027314328191961
R013,1573484400,435,785,350,1220,45,0.031200689821712344,0.03917121213401841
R013,1573498800,970,1864,894,2834,45,1.7489678248734755,1.7803765420624362
R013,1573513200,405,585,180,990,45,-0.5056015398819637,-0.20895594144933727
R013,1573527600,80,64,-16,144,46,-1.09213121546304,-1.1313795929510027
R013,1573542000,138,242,104,380,46,-0.7433578454254198,-0.887071403213511
R013,1573556400,787,1286,499,2073,46,0.40468783094841326,0.86552929689485
R013,1573570800,491,870,379,1361,46,0.055914460910793086,0.1284639109071636
R013,1573585200,1158,2350,1192,3508,46,2.4188540429156697,2.351047315002055
R013,1573599600,544,869,325,1413,46,-0.101033555606136,0.182294528984916
R013,1573614000,96,101,5,197,46,-1.0310958757064566,-1.0765137706794472
R013,1573628400,153,268,115,421,46,-0.7113869531719713,-0.8446280312675909
R013,1573642800,744,1143,399,1887,46,0.11404335591706312,0.672981316847505
R013,1573657200,445,793,348,1238,46,-0.03418532634892547,0.001133795069403187
R013,1573671600,1092,2202,1110,3294,46,2.1805255733899624,2.129513617528228
R013,1573686000,511,947,436,1458,46,0.22158181167866267,0.22887871770604784
R013,1573700400,77,117,40,194,46,-0.9293703094454839,-1.079619383260856
R013,1573714800,140,224,84,364,46,-0.8014867404316899,-0.9036346703143578
R013,1573729200,791,1208,417,1999,46,0.16635936142270616,0.7889241865534331
R013,1573743600,483,926,443,1409,46,0.24192692493085718,0.17815371220970427
R013,1573758000,1135,2182,1047,3317,46,1.997419554120212,2.153323313985695
R013,1573772400,531,1014,483,1545,46,0.35818471494339726,0.3189414825669028
R013,1573786800,82,148,66,230,46,-0.853802745937333,-1.0423520322839506
R013,1573801200,153,243,90,396,46,-0.7840480719298089,-0.8705081361126641
R013,1573815600,645,1150,505,1795,46,0.4221264994502943,0.5777425310176354
R013,1573830000,571,958,387,1529,46,0.0791660189133011,0.3023782154660559
R013,1573844400,1023,2193,1170,3216,46,2.3549122584087727,2.0487676904115992
R013,1573858800,497,329,-168,826,46,-1.5339108175106926,-0.4253703327774041
R013,1573873200,192,1023,831,1215,46,1.369627488052496,-0.02267590138806421
R013,1573887600,27,98,71,125,46,-0.8392705221857655,-1.1510484726332582
R013,1573902000,176,540,364,716,46,0.012317789656090563,-0.5392427940957264
R013,1573916400,340,806,466,1146,46,0.3087751541880677,-0.0941049907604664
R013,1573930800,504,891,387,1395,46,0.0791660189133011,0.16366085349646325
R013,1573945200,407,555,148,962,46,-0.6154742764116258,-0.2845825624202056
R013,1573959600,103,189,86,292,46,-0.7956738509310629,-0.9781693722681689
R013,1573974000,22,82,60,104,46,-0.871241414439214,-1.1727877607031199
R013,1573988400,142,450,308,592,46,-0.15044311636146554,-0.6676081141272898
R013,1574002800,376,839,463,1215,46,0.3000558199371272,-0.02267590138806421
R013,1574017200,540,594,54,1134,46,-0.8886800829410949,-0.10652744108610157
R013,1574031600,250,288,38,538,46,-0.935183198946111,-0.723509140592648
R013,1574046000,46,90,44,136,46,-0.91774453044423,-1.139661226501426
R013,1574060400,127,275,148,402,46,-0.6154742764116258,-0.8642969109498465
R013,1574074800,776,1188,412,1964,46,0.15182713767113865,0.7526920397703306
R013,1574089200,440,802,362,1242,46,0.00650490015546356,0.005274611844614908
R013,1574103600,1129,2270,1141,3399,46,2.270625360649681,2.2382100578775357
R013,1574118000,456,723,267,1179,46,-0.2696073511243191,-0.0599432523649697
R013,1574132400,65,106,41,171,47,-0.8228673652037899,-1.0471503033059426
R013,1574146800,156,288,132,444,47,-0.5494367383729009,-0.7676924926340792
R013,1574161200,805,1214,409,2019,47,0.2828740707716733,0.8445641073959017
R013,1574175600,507,874,367,1381,47,0.15667531992664763,0.1914722275107412
R013,1574190000,1099,2272,1173,3371,47,2.57848944328595,2.2285456459613204
R013,1574204400,481,842,361,1323,47,0.1386469269487868,0.13210023843027205
R013,1574218800,93,101,8,194,47,-0.9220235265820244,-1.0236062386705842
R013,1574233200,143,186,43,329,47,-0.8168579008778363,-0.8854128158108715
R013,1574247600,798,1269,471,2067,47,0.46916746487623506,0.8936995466349107
R013,1574262000,872,985,113,1857,47,-0.6065266494694601,0.6787319999642465
R013,1574276400,1156,2245,1089,3401,47,2.3260919415958985,2.2592552954857013
R013,1574290800,521,910,389,1431,47,0.22277942751213725,0.24265497671804218
R013,1574305200,75,124,49,199,47,-0.7988295078999755,-1.018487963749854
R013,1574319600,147,272,125,419,47,-0.5704698635137385,-0.7932838672377297
R013,1574334000,782,1211,429,1993,47,0.3429687140312094,0.8179490778081052
R013,1574348400,481,821,340,1302,47,0.07554755152627396,0.11060348376320564
R013,1574362800,1120,2208,1088,3328,47,2.323087209432922,2.1845284816430417
R013,1574377200,591,948,357,1539,47,0.1266279982968796,0.3532097150058123
R013,1574391600,129,113,-16,242,47,-0.9941370984934677,-0.9744707994315752
R013,1574406000,149,249,100,398,47,-0.6455881675881585,-0.814780621904796
R013,1574420400,599,997,398,1596,47,0.24982201697892847,0.4115580491021354
R013,1574434800,622,951,329,1573,47,0.04249549773352913,0.38801398446677693
R013,1574449200,1008,2134,1126,3142,47,2.4372670316260403,1.9941286545918817
R013,1574463600,447,804,357,1251,47,0.1266279982968796,0.05839707957175863
R013,1574478000,149,191,42,340,47,-0.8198626330408131,-0.8741526109852652
R013,1574492400,29,73,44,102,47,-0.8138531687148595,-1.1177824972120178
R013,1574506800,202,345,143,547,47,-0.5163846845801561,-0.6622560292670392
R013,1574521200,320,674,354,994,47,0.11761380180794918,-0.2046822513537684
R013,1574535600,398,726,328,1124,47,0.03949076557055233,-0.07160710341478586
R013,1574550000,358,372,14,730,47,-0.9039951336041635,-0.47492716716831757
R013,1574564400,129,178,49,307,47,-0.7988295078999755,-0.9079332254620839
R013,1574578800,22,66,44,88,47,-0.8138531687148595,-1.1321136669900622
R013,1574593200,153,351,198,504,47,-0.35112441561643193,-0.706273193585318
R013,1574607600,333,698,365,1031,47,0.150665855600694,-0.16680701694036568
R013,1574622000,424,610,186,1034,47,-0.3871812015721536,-0.16373605198792762
R013,1574636400,200,200,0,400,47,-0.9460613838858388,-0.8127333119365041
R013,1574650800,44,64,20,108,47,-0.8859667406263028,-1.111640567307142
R013,1574665200,142,193,51,335,47,-0.7928200435740219,-0.8792708859059953
R013,1574679600,788,1146,358,1934,47,0.1296327304598564,0.75755343374349
R013,1574694000,447,781,334,1228,47,0.05751915854841314,0.03485301493640018
R013,1574708400,1059,2214,1155,3273,47,2.5244042643523676,2.1282274575150106
R013,1574722800,418,679,261,1097,47,-0.16182628934889343,-0.0992457879867284
R013,1574737200,126,33,-93,159,48,-1.3825339594183288,-1.1049109817650888
R013,1574751600,216,197,-19,413,48,-1.1186442863929549,-0.769923902631603
R013,1574766000,911,1092,181,2003,48,-0.40542895389194383,1.327042458873289
R013,1574780400,438,881,443,1319,48,0.5288831316843806,0.42495126939571276
R013,1574794800,1044,2141,1097,3185,48,2.861097268962687,2.885919338935416
R013,1574809200,483,620,137,1103,48,-0.5623363270421662,0.14008036745542554
R013,1574823600,145,47,-98,192,48,-1.400364342730854,-1.0613890384131006
R013,1574838000,125,250,125,375,48,-0.6051292469922269,-0.8200400798248016
R013,1574852400,526,1088,562,1614,48,0.9532462545224821,0.8140110660271235
R013,1574866800,557,1312,755,1869,48,1.641499050385958,1.1503169919288514
R013,1574881200,780,1681,901,2461,48,2.162146243111696,1.9310742787281572
R013,1574895600,288,759,471,1047,48,0.6287332782345222,0.06622494843386961
R013,1574910000,65,147,82,212,48,-0.7584705434799442,-1.035012103048259
R013,1574924400,28,151,123,179,48,-0.612261400317237,-1.0785340464002475
R013,1574938800,155,519,364,674,48,0.24716307534648127,-0.4257048961204226
R013,1574953200,320,913,593,1233,48,1.063794631060139,0.3115304473268947
R013,1574967600,270,453,183,723,48,-0.3982968005669337,-0.3610814044765612
R013,1574982000,105,240,135,345,48,-0.5694684803671763,-0.8596054828720638
R013,1574996400,44,121,77,165,48,-0.7763009267924695,-1.0969979011556366
R013,1575010800,44,202,158,246,48,-0.48744871712956006,-0.9901713129280287
R013,1575025200,237,584,347,821,48,0.18653977208389533,-0.2318344211888383
R013,1575039600,408,803,395,1211,48,0.357711451884138,0.28251581842556917
R013,1575054000,488,1112,624,1600,48,1.1743430075977956,0.7955472112717346
R013,1575068400,289,560,271,849,48,-0.08448205426648886,-0.1949067116780603
R013,1575082800,126,138,12,264,48,-1.0080959098552982,-0.9664320710996714
R013,1575097200,24,120,96,144,48,-0.7085454702048735,-1.12469368328872
R013,1575111600,163,540,377,703,48,0.293522071959047,-0.3874583398414026
R013,1575126000,469,988,519,1457,48,0.7999049580347648,0.6069521234131184
R013,1575140400,779,977,198,1756,48,-0.34480565062935786,1.0012873071174975
R013,1575154800,447,522,75,969,48,-0.7834330801174797,-0.03664509948901188
R013,1575169200,145,194,49,339,48,-0.8761510733426111,-0.8675185634815162
R013,1575183600,22,98,76,120,48,-0.7798670034549746,-1.1563460057265296
R013,1575198000,135,601,466,736,48,0.6109028949219969,-0.34393639648941426
R013,1575212400,526,899,373,1425,48,0.27925776530902674,0.5647490268293722
R013,1575226800,679,830,151,1509,48,-0.5124112537670955,0.6755321553617061
R013,1575241200,387,297,-90,684,48,-1.3718357294308137,-0.41251642843800196
R013,1575255600,99,79,-20,178,48,-1.1222103630554598,-1.0798528931684896
R013,1575270000,122,269,147,391,48,-0.5266755604171157,-0.7989385315329286
R013,1575284400,692,1200,508,1892,48,0.7606781147472091,1.180650467598419
R013,1575298800,399,978,579,1377,48,1.013869557785068,0.5014443819537528
R013,1575313200,983,1817,834,2800,48,1.9232191067238573,2.378163333162219
R013,1575327600,455,668,213,1123,48,-0.29131450069178205,0.16645730282026697
R013,1575342000,52,121,69,173,49,-0.9524063513815517,-1.1296420574613792
R013,1575356400,140,291,151,431,49,-0.6830388984655573,-0.8515621071069527
R013,1575370800,763,1169,406,1932,49,0.1546281807244253,0.766259619567444
R013,1575385200,451,871,420,1322,49,0.20061774585642436,0.1087837679542648
R013,1575399600,1117,2211,1094,3328,49,2.4146868100683783,2.270909273423179
R013,1575414000,532,894,362,1426,49,0.01008954745242831,0.22087801150798717
R013,1575428400,124,122,-2,246,49,-1.1856391459795468,-1.0509605211207858
R013,1575442800,143,250,107,393,49,-0.8275775317375543,-0.8925196191746589
R013,1575457200,772,1225,453,1997,49,0.3090217208104221,0.8363185217885205
R013,1575471600,429,722,293,1151,49,-0.216573309269567,-0.07552503635041331
R013,1575486000,1107,2165,1058,3272,49,2.296427928300381,2.2105508345865594
R013,1575500400,503,1025,522,1528,49,0.5356845775324174,0.3308165965318302
R013,1575514800,82,155,73,237,49,-0.939266475629552,-1.0606609845052426
R013,1575529200,158,196,38,354,49,-1.0542403884595497,-0.9345549605073048
R013,1575543600,766,1158,392,1924,49,0.10863861559242627,0.7576369854479269
R013,1575558000,437,942,505,1379,49,0.47984010558641854,0.17022003605582417
R013,1575572400,1122,2250,1128,3372,49,2.526375753960376,2.318333761080523
R013,1575586800,509,1119,610,1628,49,0.8247618440764114,0.438599523025794
R013,1575601200,99,144,45,243,49,-1.0312456058935502,-1.0541940089156048
R013,1575615600,135,221,86,356,49,-0.8965618794355529,-0.9323993019774256
R013,1575630000,614,1094,480,1708,49,0.3977158821364203,0.5248258642209651
R013,1575644400,645,985,340,1630,49,-0.06217976918357019,0.44075518155567334
R013,1575658800,937,2112,1175,3049,49,2.6807692940463728,1.9701949085050197
R013,1575673200,445,894,449,1339,49,0.29588184505842235,0.12710686545823865
R013,1575687600,132,253,121,385,49,-0.7815879666055553,-0.9011422532941761
R013,1575702000,36,143,107,179,49,-0.8275775317375543,-1.1231750818717414
R013,1575716400,226,482,256,708,49,-0.33811715997556446,-0.5530034007186729
R013,1575730800,340,801,461,1141,49,0.3353014723144216,-0.08630332899980969
R013,1575745200,430,868,438,1298,49,0.25974718674042313,0.08291586559571348
R013,1575759600,348,603,255,951,49,-0.3414021289135644,-0.29109088933834093
R013,1575774000,84,240,156,324,49,-0.6666140537755576,-0.966889838455494
R013,1575788400,24,100,76,124,49,-0.9294115688155522,-1.1824556914434217
R013,1575802800,157,446,289,603,49,-0.2297131850215667,-0.666175473537335
R013,1575817200,436,846,410,1282,49,0.16776805647642504,0.06567059735667927
R013,1575831600,529,740,211,1269,49,-0.4859407621855614,0.051658816912463976
R013,1575846000,264,354,90,618,49,-0.8834220036835532,-0.6500080345632404
R013,1575860400,50,131,81,181,49,-0.9129867241255526,-1.1210194233418622
R013,1575874800,131,295,164,426,49,-0.6403343022715582,-0.8569512534316509
R013,1575889200,797,1261,464,2058,49,0.34515637912842134,0.9020661069498385
R013,1575903600,473,791,318,1264,49,-0.1344490858195687,0.046269670587765786
R013,1575918000,1081,1891,810,2972,49,1.4817556316763978,1.8872020551046675
R013,1575932400,485,599,114,1084,49,-0.8045827491715548,-0.14773959710136905
R013,1575946800,70,87,17,157,50,-0.9926925674759676,-1.0880786204140103
R013,1575961200,140,276,136,416,50,-0.5940522451037286,-0.814941609455788
R013,1575975600,805,1079,274,1884,50,-0.13176346789894727,0.733186313658769
R013,1575990000,517,789,272,1306,50,-0.1384633052497412,0.12363730850875948
R013,1576004400,1208,2207,999,3415,50,2.2969275717638533,2.3477529691685692
R013,1576018800,584,861,277,1445,50,-0.12171371187275637,0.2702243529998517
R013,1576033200,110,124,14,234,50,-1.0027423235021584,-1.0068757252642684
R013,1576047600,144,224,80,368,50,-0.7816476909259586,-0.8655615960426399
R013,1576062000,778,1177,399,1955,50,0.2869763665256735,0.8080617104851542
R013,1576076400,531,896,365,1427,50,0.17307913156217664,0.2512418580297822
R013,1576090800,1130,2124,994,3254,50,2.2801779783868685,2.1779650974918368
R013,1576105200,493,887,394,1380,50,0.27022677314868865,0.20167645449682298
R013,1576119600,77,123,46,200,50,-0.8955449258894556,-1.042731549096622
R013,1576134000,154,177,23,331,50,-0.9725930554235858,-0.9045811690366716
R013,1576148400,768,1121,353,1889,50,0.13288010745741305,0.7384592289282327
R013,1576162800,494,718,224,1212,50,-0.29925940166879555,0.02450650144284099
R013,1576177200,1186,2057,871,3243,50,1.8681379813130417,2.1663646838990163
R013,1576191600,551,862,311,1413,50,-0.007816476909259525,0.23647769527528373
R013,1576206000,114,166,52,280,50,-0.8754454138370737,-0.958364904785202
R013,1576220400,137,214,77,351,50,-0.7916974469521496,-0.8834895079588166
R013,1576234800,642,1081,439,1723,50,0.42097311354155215,0.5633984419820361
R013,1576249200,617,964,347,1581,50,0.11278059540503126,0.4136476483292657
R013,1576263600,1039,2236,1197,3275,50,2.9602114694924526,2.2001113416235842
R013,1576278000,484,844,360,1328,50,0.1563295381851918,0.1468381356944
R013,1576292400,122,282,160,404,50,-0.5136541968942014,-0.827596606102501
R013,1576306800,26,82,56,108,50,-0.8620457391354859,-1.1397531900547548
R013,1576321200,174,384,210,558,50,-0.3461582631243531,-0.6651908158030174
R013,1576335600,347,571,224,918,50,-0.29925940166879555,-0.2855409164016275
R013,1576350000,423,712,289,1135,50,-0.08151468776799277,-0.05669639370690076
R013,1576364400,281,426,145,707,50,-0.5639029770251559,-0.5080579407729977
R013,1576378800,113,213,100,326,50,-0.7146493174180194,-0.9098540843061355
R013,1576393200,25,107,82,132,50,-0.7749478535751647,-1.1144431967613289
R013,1576407600,153,374,221,527,50,-0.30930915769498646,-0.6978828904736927
R013,1576422000,379,630,251,1009,50,-0.20881159743307748,-0.18957385849738725
R013,1576436400,435,619,184,1054,50,-0.4332561486846742,-0.14211762107221348
R013,1576450800,233,438,205,671,50,-0.36290785650133794,-0.5460229307131367
R013,1576465200,56,125,69,181,50,-0.8184967963553252,-1.062768627120584
R013,1576479600,136,225,89,361,50,-0.751498422847386,-0.8729436774198892
R013,1576494000,722,1215,493,1937,50,0.6018687220129882,0.7890792155150846
R013,1576508400,491,809,318,1300,50,0.015632953818519237,0.11730981018540299
R013,1576522800,997,2146,1149,3143,50,2.799415373073398,2.060906378509741
R013,1576537200,498,892,394,1390,50,0.27022677314868865,0.21222228503575047
R013,1576551600,81,139,58,220,51,-1.0199683082443591,-1.0917310628857864
R013,1576566000,148,213,65,361,51,-0.9987700414110606,-0.9312238296581391
R013,1576580400,786,1217,431,2003,51,0.10959648158712192,0.9379455104822622
R013,1576594800,451,753,302,1204,51,-0.2810572929122375,0.02840452219226178
R013,1576609200,1141,2233,1092,3374,51,2.1113185354171726,2.4986222250574692
R013,1576623600,523,911,388,1434,51,-0.020621443245997892,0.2902248317125372
R013,1576638000,112,144,32,256,51,-1.0987047279108968,-1.050750492700004
R013,1576652400,164,205,41,369,51,-1.0714498134109416,-0.9221170362835208
R013,1576666800,719,1220,501,1939,51,0.32157914992010767,0.865091163485316
R013,1576681200,464,996,532,1460,51,0.4154571887532871,0.31982191018004663
R013,1576695600,1019,2249,1230,3268,51,2.5292272244164877,2.377957212843777
R013,1576710000,413,688,275,1101,51,-0.3628220364121034,-0.08884544250594853
R013,1576724400,105,161,56,266,51,-1.026024955911016,-1.039367000981731
R013,1576738800,158,202,44,360,51,-1.0623648419109564,-0.9323621788299664
R013,1576753200,709,1262,553,1971,51,0.47905198925318276,0.901518336983789
R013,1576767600,451,866,415,1317,51,0.061143300253868035,0.15703797860874494
R013,1576782000,1010,2163,1153,3173,51,2.2960462892502034,2.2698140415201853
R013,1576796400,421,1058,637,1479,51,0.7334311912527657,0.341450544444765
R013,1576810800,155,184,29,339,51,-1.107789699410882,-0.9562675114383394
R013,1576825200,124,267,143,391,51,-0.762560782411448,-0.8970733545033206
R013,1576839600,579,1067,488,1646,51,0.2822109400868389,0.5315548561399216
R013,1576854000,507,1022,515,1529,51,0.3639756835867048,0.3983680030361293
R013,1576868400,823,2007,1184,2830,51,2.389924328083383,1.8793602755834264
R013,1576882800,365,855,490,1220,51,0.2882675877534956,0.046618108941498336
R013,1576897200,145,287,142,432,51,-0.7655891062447764,-0.850401038458402
R013,1576911600,31,113,82,144,51,-0.9472885362444784,-1.17824559994466
R013,1576926000,190,429,239,619,51,-0.4718416944119247,-0.6375297433266998
R013,1576940400,293,787,494,1080,51,0.3003808830868091,-0.11275077511432151
R013,1576954800,352,860,508,1212,51,0.3427774167534062,0.03751131556688006
R013,1576969200,304,583,279,887,51,-0.35070874107878997,-0.33245216527698745
R013,1576983600,129,239,110,368,51,-0.8624954689112841,-0.9232553854553481
R013,1576998000,22,111,89,133,51,-0.9260902694111799,-1.19076744083476
R013,1577012400,197,466,269,663,51,-0.38099197941207363,-0.5874423797662992
R013,1577026800,447,947,500,1394,51,0.3185508260867793,0.24469086483944585
R013,1577041200,542,928,386,1470,51,-0.026678090912654627,0.3312054018983195
R013,1577055600,259,459,200,718,51,-0.5899463239117311,-0.5248331753157985
R013,1577070000,70,126,56,196,51,-1.026024955911016,-1.1190514430096412
R013,1577084400,102,275,173,377,51,-0.6717110674115969,-0.9130102429089025
R013,1577098800,467,838,371,1305,51,-0.07210294841258014,0.14337778854681751
R013,1577113200,432,1008,576,1440,51,0.5487034374197353,0.2970549267435009
R013,1577127600,759,1828,1069,2587,51,2.0416670872506204,1.6027414268293965
R013,1577142000,300,685,385,985,51,-0.029706414745982995,-0.22089394643791355
R013,1577156400,87,159,72,246,52,-0.9508919412448237,-0.9784104956905989
R013,1577170800,88,243,155,331,52,-0.6327567805193133,-0.8380083142606031
R013,1577185200,242,748,506,990,52,0.7126099835126645,0.2505215394143063
R013,1577199600,424,1111,687,1535,52,1.406374611118898,1.1507472909360448
R013,1577214000,468,1098,630,1566,52,1.1878962477290897,1.2019527923987492
R013,1577228400,179,385,206,564,52,-0.43727613959159006,-0.4531411581054378
R013,1577242800,53,143,90,196,52,-0.8818987738585684,-1.0610000141788318
R013,1577257200,9,78,69,87,52,-0.9623908024758663,-1.2410451644831795
R013,1577271600,129,274,145,403,52,-0.6710863179561218,-0.7190794076375477
R013,1577286000,210,440,230,650,52,-0.3452852497432497,-0.3110871863056773
R013,1577300400,324,467,143,791,52,-0.6787522254434835,-0.07818474416886052
R013,1577314800,206,288,82,494,52,-0.9125624038080152,-0.5687664839889639
R013,1577329200,55,93,38,148,52,-1.0812123685299726,-1.1402859519275355
R013,1577343600,88,239,151,327,52,-0.6480885954940367,-0.8446154757396617
R013,1577358000,275,685,410,960,52,0.344646424119303,0.20096782832136662
R013,1577372400,399,772,373,1171,52,0.20282713560311164,0.5494955963417094
R013,1577386800,664,1544,880,2208,52,2.146134683649302,2.262402209787659
R013,1577401200,303,631,328,934,52,0.030344217137473456,0.15802127870748553
R013,1577415600,102,180,78,282,52,-0.9278942187827386,-0.9189460423790713
R013,1577430000,105,227,122,332,52,-0.7592442540607813,-0.8363565238908384
R013,1577444400,367,767,400,1134,52,0.3063168866824945,0.48837935266041704
R013,1577458800,494,897,403,1391,52,0.31781574791353706,0.9128894776899341
R013,1577473200,622,1613,991,2235,52,2.571592549197876,2.307000549771305
R013,1577487600,326,819,493,1145,52,0.6627815848448134,0.5065490467278283
